first,second,condition,prefix_template,suffix_template,root,prefixes,suffixes,word,type,error_to_which_morpheme,i_morpheme,i_within_morpheme,target_letter_before_error,letter_after_error,error_word,is_error
ermiertna,ermiertna,prs,p,s,mier,er,tna,ermiertna,control,p,0.0,1,r,l,elmiertna,0
rejaunment,rejuunment,prs,p,s,jaun,re,ment,rejaunment,target,r,,1,a,u,rejuunment,1
erniédruobnoieria,erniédruobnoieria,ppprss,ppp,ss,ruob,er_ni_éd,noi_eria,erniédruobnoieria,control,p,1.0,1,i,u,ernuédruobnoieria,0
ernilémeviéti,errilémeviéti,pprss,pp,ss,lém,er_ni,evi_éti,ernilémeviéti,control,p,1.0,0,n,r,errilémeviéti,1
redirion,resirion,prs,p,s,dir,re,ion,redirion,target,r,,0,d,s,resirion,1
érpertrattnaleetsi,érpertrattnaleetsi,pprsss,pp,sss,trat,érp_er,tna_le_etsi,érpertrattnaleetsi,control,p,1.0,1,r,n,érpentrattnaleetsi,0
erlémnoi,erlémnoe,prs,p,s,lém,er,noi,erlémnoi,control,s,0.0,2,i,e,erlémnoe,1
erniédnortnoile,erniédnortnoire,ppprss,ppp,ss,nort,er_ni_éd,noi_le,erniédnortnoile,control,s,1.0,0,l,r,erniédnortnoire,1
erruobnoiletnem,erruobnoiletnem,prsss,p,sss,ruob,er,noi_le_tnem,erruobnoiletnem,control,r,,0,r,n,ernuobnoiletnem,0
sédninortnoiletnem,sédninirtnoiletnem,pprsss,pp,sss,nort,séd_ni,noi_le_tnem,sédninortnoiletnem,control,r,,1,o,i,sédninirtnoiletnem,1
reinsurbourablement,reinserbourablement,ppprss,ppp,ss,bour,re_in_sur,able_ment,reinsurbourablement,target,p,2.0,1,u,e,reinserbourablement,1
liséti,lisuti,rs,,s,lis,,éti,liséti,control,s,0.0,0,é,u,lisuti,1
nesnalnoi,nesnalnoi,prs,p,s,snal,ne,noi,nesnalnoi,control,r,,3,l,r,nesnarnoi,0
reimionelité,reimionulité,rsss,,sss,reim,,ion_el_ité,reimionelité,target,s,1.0,0,e,u,reimionulité,1
ernirusnastnaleetsi,ernirusnastnaleetsi,ppprsss,ppp,sss,nas,er_ni_rus,tna_le_etsi,ernirusnastnaleetsi,control,p,0.0,0,e,a,arnirusnastnaleetsi,0
redéjurment,redéjurment,pprs,pp,s,jur,re_dé,ment,redéjurment,target,r,,0,j,l,redélurment,0
erniruslifnoile,erniruslifnoele,ppprss,ppp,ss,lif,er_ni_rus,noi_le,erniruslifnoile,control,s,0.0,2,i,e,erniruslifnoele,1
préretron,préretron,ppr,pp,,tron,pré_re,,préretron,target,r,,0,t,d,préredron,0
remièr,renièr,pr,p,,mièr,re,,remièr,target,r,,0,m,n,renièr,1
reblôtionelité,reblôtionelàté,prsss,p,sss,blôt,re,ion_el_ité,reblôtionelité,target,s,2.0,0,i,à,reblôtionelàté,1
erédnuajtneleetsi,erépnuajtneleetsi,pprsss,pp,sss,nuaj,er_éd,tne_le_etsi,erédnuajtneleetsi,control,p,1.0,1,d,p,erépnuajtneleetsi,1
entuélionelisme,enteélionelisme,prsss,p,sss,tuél,en,ion_el_isme,entuélionelisme,target,r,,1,u,e,enteélionelisme,1
inreimionel,inreimionel,prss,p,ss,reim,in,ion_el,inreimionel,target,p,0.0,1,n,m,imreimionel,0
netôlbelba,nesôlbelba,prs,p,s,tôlb,ne,elba,netôlbelba,control,r,,0,t,s,nesôlbelba,1
érperniriofeviéti,érperniriofeviéti,ppprss,ppp,ss,riof,érp_er_ni,evi_éti,érperniriofeviéti,control,s,1.0,0,é,i,érperniriofeviiti,0
reinlak,reinlak,ppr,pp,,lak,re_in,,reinlak,target,p,1.0,1,n,j,reijlak,0
erédlistnem,eradlistnem,pprs,pp,s,lis,er_éd,tnem,erédlistnem,control,p,1.0,0,é,a,eradlistnem,1
surentart,durentart,ppr,pp,,tart,sur_en,,surentart,target,p,0.0,0,s,d,durentart,1
reinsurdiotiveité,reinsirdiotiveité,ppprss,ppp,ss,diot,re_in_sur,ive_ité,reinsurdiotiveité,target,p,2.0,1,u,i,reinsirdiotiveité,1
erédsurcleéti,erédsurcleéti,pprss,pp,ss,surc,er_éd,le_éti,erédsurcleéti,control,p,1.0,1,d,c,erécsurcleéti,0
reinsilment,reinsilment,pprs,pp,s,sil,re_in,ment,reinsilment,target,r,,0,s,f,reinfilment,0
errèimtna,errèimtna,prs,p,s,rèim,er,tna,errèimtna,control,r,,3,m,l,errèiltna,0
préinsoussan,préinsoussar,pppr,ppp,,san,pré_in_sous,,préinsoussan,target,r,,2,n,r,préinsoussar,1
préreinjurique,préreinjurique,ppprs,ppp,s,jur,pré_re_in,ique,préreinjurique,target,p,0.0,2,é,o,proreinjurique,0
erédfab,elédfab,ppr,pp,,fab,er_éd,,erédfab,control,p,0.0,1,r,l,elédfab,1
tiameuqitnem,tiameuqitnem,rss,,ss,tiam,,euqi_tnem,tiameuqitnem,control,r,,1,i,e,teameuqitnem,0
érpertoidtnemeria,érpertoidtnemeria,pprss,pp,ss,toid,érp_er,tnem_eria,érpertoidtnemeria,control,p,0.0,2,p,c,ércertoidtnemeria,0
nilifnoiletnem,nilifnoiletnem,prsss,p,sss,lif,ni,noi_le_tnem,nilifnoiletnem,control,r,,1,i,o,nilofnoiletnem,0
démièrionelment,démièrionelment,prsss,p,sss,mièr,dé,ion_el_ment,démièrionelment,target,r,,1,i,e,démeèrionelment,0
relakent,relakent,prs,p,s,lak,re,ent,relakent,target,r,,1,a,u,relukent,0
érpernimocnoieria,érpernimocnoieria,ppprss,ppp,ss,moc,érp_er_ni,noi_eria,érpernimocnoieria,control,s,0.0,1,o,e,érpernimocneieria,0
enjauniquement,enjauniquement,prss,p,ss,jaun,en,ique_ment,enjauniquement,target,s,0.0,2,u,é,enjauniqéement,0
boitment,boitment,rs,,s,boit,,ment,boitment,target,s,0.0,1,e,o,boitmont,0
érpernimelkeuqitnem,érpernimelkeuqitnem,ppprss,ppp,ss,melk,érp_er_ni,euqi_tnem,érpernimelkeuqitnem,control,p,0.0,1,r,n,énpernimelkeuqitnem,0
prédélansiquement,prédélansiquement,pprss,pp,ss,lans,pré_dé,ique_ment,prédélansiquement,target,p,0.0,0,p,s,srédélansiquement,0
lémnoieria,lémnoieria,rss,,ss,lém,,noi_eria,lémnoieria,control,s,0.0,1,o,a,lémnaieria,0
erfabnoileéti,erfabnoileéti,prsss,p,sss,fab,er,noi_le_éti,erfabnoileéti,control,s,1.0,1,e,é,erfabnoilééti,0
léuttnaleetsi,léuttnaleetsi,rsss,,sss,léut,,tna_le_etsi,léuttnaleetsi,control,r,,0,l,m,méuttnaleetsi,0
fabnoile,fabnoole,rss,,ss,fab,,noi_le,fabnoile,control,s,0.0,2,i,o,fabnoole,1
prérereimant,prérereilant,pprs,pp,s,reim,pré_re,ant,prérereimant,target,r,,3,m,l,prérereilant,1
ercibtnem,ercibtném,prs,p,s,cib,er,tnem,ercibtnem,control,s,0.0,2,e,é,ercibtném,1
cruselité,cluselité,rss,,ss,crus,,el_ité,cruselité,target,r,,1,r,l,cluselité,1
troc,trec,r,,,troc,,,troc,control,r,,2,o,e,trec,1
reinbourant,reinbourant,pprs,pp,s,bour,re_in,ant,reinbourant,target,r,,0,b,d,reindourant,0
édtrectne,édtrectna,prs,p,s,trec,éd,tne,édtrectne,control,s,0.0,2,e,a,édtrectna,1
erniédlémnoileéti,erniédlémnoileéti,ppprsss,ppp,sss,lém,er_ni_éd,noi_le_éti,erniédlémnoileéti,control,r,,2,m,n,erniédlénnoileéti,0
klemionaire,klemionaire,rss,,ss,klem,,ion_aire,klemionaire,target,r,,0,k,f,flemionaire,0
dirion,diriol,rs,,s,dir,,ion,dirion,target,s,0.0,2,n,l,diriol,1
préreinreimment,préreinriimment,ppprs,ppp,s,reim,pré_re_in,ment,préreinreimment,target,r,,1,e,i,préreinriimment,1
érpertrocnoiletnem,érpertrohnoiletnem,pprsss,pp,sss,troc,érp_er,noi_le_tnem,érpertrocnoiletnem,control,r,,3,c,h,érpertrohnoiletnem,1
erniédsiat,erniodsiat,pppr,ppp,,siat,er_ni_éd,,erniédsiat,control,p,2.0,0,é,o,erniodsiat,1
nuajtna,nuajtne,rs,,s,nuaj,,tna,nuajtna,control,s,0.0,2,a,e,nuajtne,1
enprév,enprav,pr,p,,prév,en,,enprév,target,r,,2,é,a,enprav,1
érperninasnoiletnem,érperninasnoiletnem,ppprsss,ppp,sss,nas,érp_er_ni,noi_le_tnem,érperninasnoiletnem,control,s,1.0,0,l,r,érperninasnoiretnem,0
préreinboitmentaire,préreinboitmentaare,ppprss,ppp,ss,boit,pré_re_in,ment_aire,préreinboitmentaire,target,s,1.0,1,i,a,préreinboitmentaare,1
nortnoileemsi,nortnoileimsi,rsss,,sss,nort,,noi_le_emsi,nortnoileemsi,control,s,2.0,0,e,i,nortnoileimsi,1
tôlbtne,tôlbtre,rs,,s,tôlb,,tne,tôlbtne,control,s,0.0,1,n,r,tôlbtre,1
redéjurant,redéjuranc,pprs,pp,s,jur,re_dé,ant,redéjurant,target,s,0.0,2,t,c,redéjuranc,1
erniridtna,erniridtna,pprs,pp,s,rid,er_ni,tna,erniridtna,control,p,1.0,0,n,r,erriridtna,0
erluoptne,erluoptne,prs,p,s,luop,er,tne,erluoptne,control,r,,2,o,e,erlueptne,0
erniédvérp,erniédvérp,pppr,ppp,,vérp,er_ni_éd,,erniédvérp,control,p,2.0,0,é,a,erniadvérp,0
ernirusmelklaéti,ernirusmelkluéti,ppprss,ppp,ss,melk,er_ni_rus,la_éti,ernirusmelklaéti,control,s,0.0,1,a,u,ernirusmelkluéti,1
sédnimelk,sédnimelk,ppr,pp,,melk,séd_ni,,sédnimelk,control,p,1.0,1,i,o,sédnomelk,0
redécrusablement,revécrusablement,pprss,pp,ss,crus,re_dé,able_ment,redécrusablement,target,p,1.0,0,d,v,revécrusablement,1
erfabnoiletnem,erfabnoiletnem,prsss,p,sss,fab,er,noi_le_tnem,erfabnoiletnem,control,s,0.0,0,n,l,erfabloiletnem,0
ernastsieuqi,ernastsieuqi,prss,p,ss,nas,er,tsi_euqi,ernastsieuqi,control,s,1.0,2,q,d,ernastsieudi,0
erniruslis,ernirusles,pppr,ppp,,lis,er_ni_rus,,erniruslis,control,r,,1,i,e,ernirusles,1
certiveité,certiveité,rss,,ss,cert,,ive_ité,certiveité,target,s,0.0,0,i,o,certoveité,0
taisionel,taisionol,rss,,ss,tais,,ion_el,taisionel,target,s,1.0,0,e,o,taisionol,1
indéklemanteliste,indéklemanteliste,pprsss,pp,sss,klem,in_dé,ant_el_iste,indéklemanteliste,target,p,1.0,1,é,e,indeklemanteliste,0
érpernirèimlaemsi,érpernirèimlaemsi,ppprss,ppp,ss,rèim,érp_er_ni,la_emsi,érpernirèimlaemsi,control,r,,0,r,l,érpernilèimlaemsi,0
lisnoile,lesnoile,rss,,ss,lis,,noi_le,lisnoile,control,r,,1,i,e,lesnoile,1
préreinreimionelment,préreinreimionerment,ppprsss,ppp,sss,reim,pré_re_in,ion_el_ment,préreinreimionelment,target,s,1.0,1,l,r,préreinreimionerment,1
cortanteliste,cortanteliste,rsss,,sss,cort,,ant_el_iste,cortanteliste,target,s,0.0,1,n,l,cortalteliste,0
trectnem,trectnem,rs,,s,trec,,tnem,trectnem,control,s,0.0,2,e,u,trectnum,0
défilent,défilent,prs,p,s,fil,dé,ent,défilent,target,r,,2,l,n,définent,0
rebour,nebour,pr,p,,bour,re,,rebour,target,p,0.0,0,r,n,nebour,1
erléuttsieuqi,ernéuttsieuqi,prss,p,ss,léut,er,tsi_euqi,erléuttsieuqi,control,r,,0,l,n,ernéuttsieuqi,1
luopleéti,luopleéti,rss,,ss,luop,,le_éti,luopleéti,control,r,,1,u,e,leopleéti,0
repoulistique,repoulistique,prss,p,ss,poul,re,ist_ique,repoulistique,target,r,,3,l,r,repouristique,0
erkaltneleetsi,erkaltneloetsi,prsss,p,sss,kal,er,tne_le_etsi,erkaltneleetsi,control,s,1.0,1,e,o,erkaltneloetsi,1
jaunalisme,jaunalisme,rss,,ss,jaun,,al_isme,jaunalisme,target,r,,2,u,e,jaenalisme,0
trocnoiletnem,trocnoiletnem,rsss,,sss,troc,,noi_le_tnem,trocnoiletnem,control,r,,3,c,s,trosnoiletnem,0
sédninuaj,sédniniaj,ppr,pp,,nuaj,séd_ni,,sédninuaj,control,r,,1,u,i,sédniniaj,1
indébafeur,indébafeur,pprs,pp,s,baf,in_dé,eur,indébafeur,target,r,,1,a,è,indébèfeur,0
insoulakent,insoulakent,pprs,pp,s,lak,in_sou,ent,insoulakent,target,r,,1,a,i,insoulikent,0
filiquement,filiquement,rss,,ss,fil,,ique_ment,filiquement,target,r,,1,i,u,fuliquement,0
netrat,netrit,pr,p,,trat,ne,,netrat,control,r,,2,a,i,netrit,1
préinsousdiot,préinsousdàot,pppr,ppp,,diot,pré_in_sous,,préinsousdiot,target,r,,1,i,à,préinsousdàot,1
cortment,cortment,rs,,s,cort,,ment,cortment,target,s,0.0,1,e,u,cortmunt,0
érpédnortelba,érpédnartelba,pprs,pp,s,nort,érp_éd,elba,érpédnortelba,control,r,,1,o,a,érpédnartelba,1
nitiobtne,nitiobpne,prs,p,s,tiob,ni,tne,nitiobtne,control,s,0.0,0,t,p,nitiobpne,1
reinsurcrusalité,reinsurcrusalité,ppprss,ppp,ss,crus,re_in_sur,al_ité,reinsurcrusalité,target,p,1.0,1,n,r,reirsurcrusalité,0
reindétart,reindéfart,pppr,ppp,,tart,re_in_dé,,reindétart,target,r,,0,t,f,reindéfart,1
erniédsurcelbatnem,enniédsurcelbatnem,ppprss,ppp,ss,surc,er_ni_éd,elba_tnem,erniédsurcelbatnem,control,p,0.0,1,r,n,enniédsurcelbatnem,1
erniédnuajelbatnem,erniédnuajelbatnem,ppprss,ppp,ss,nuaj,er_ni_éd,elba_tnem,erniédnuajelbatnem,control,r,,0,n,l,erniédluajelbatnem,0
érpernivérpxue,érpernivérdxue,ppprs,ppp,s,vérp,érp_er_ni,xue,érpernivérpxue,control,r,,3,p,d,érpernivérdxue,1
reindéboit,reindéboit,pppr,ppp,,boit,re_in_dé,,reindéboit,target,p,1.0,0,i,o,reondéboit,0
prédésinprévant,prédésinprévant,ppprs,ppp,s,prév,pré_dés_in,ant,prédésinprévant,target,p,1.0,0,d,p,prépésinprévant,0
rèimelbatnem,rèimelbatnel,rss,,ss,rèim,,elba_tnem,rèimelbatnem,control,s,1.0,3,m,l,rèimelbatnel,1
reindédirionel,reinpédirionel,ppprss,ppp,ss,dir,re_in_dé,ion_el,reindédirionel,target,p,2.0,0,d,p,reinpédirionel,1
reinmièr,reimmièr,ppr,pp,,mièr,re_in,,reinmièr,target,p,1.0,1,n,m,reimmièr,1
érperfab,érperfab,ppr,pp,,fab,érp_er,,érperfab,control,r,,0,f,t,érpertab,0
reinbafionelisme,reinbafionelisme,pprsss,pp,sss,baf,re_in,ion_el_isme,reinbafionelisme,target,s,2.0,3,e,a,reinbafionelisma,0
démièriveité,démièriveité,prss,p,ss,mièr,dé,ive_ité,démièriveité,target,p,0.0,1,é,u,dumièriveité,0
listneleetsi,listneleetsi,rsss,,sss,lis,,tne_le_etsi,listneleetsi,control,r,,1,i,u,lustneleetsi,0
moctnemeria,moctnemeria,rss,,ss,moc,,tnem_eria,moctnemeria,control,s,1.0,1,r,l,moctnemelia,0
rediot,rediit,pr,p,,diot,re,,rediot,target,r,,2,o,i,rediit,1
reblôtiquement,reblôsiquement,prss,p,ss,blôt,re,ique_ment,reblôtiquement,target,r,,3,t,s,reblôsiquement,1
erniédsiattna,erniédsiattna,ppprs,ppp,s,siat,er_ni_éd,tna,erniédsiattna,control,r,,0,s,p,erniédpiattna,0
ertrattsieuqi,ortrattsieuqi,prss,p,ss,trat,er,tsi_euqi,ertrattsieuqi,control,p,0.0,0,e,o,ortrattsieuqi,1
niuossurcnoiletnem,niuossurcnoiletnem,pprsss,pp,sss,surc,ni_uos,noi_le_tnem,niuossurcnoiletnem,control,p,0.0,0,n,l,liuossurcnoiletnem,0
niédmoc,niédmoq,ppr,pp,,moc,ni_éd,,niédmoc,control,r,,2,c,q,niédmoq,1
dirmentaire,dirmentaire,rss,,ss,dir,,ment_aire,dirmentaire,target,s,1.0,3,e,u,dirmentairu,0
netiob,netiob,pr,p,,tiob,ne,,netiob,control,r,,0,t,s,nesiob,0
prémaitionaire,prémaitionaire,prss,p,ss,mait,pré,ion_aire,prémaitionaire,target,s,1.0,0,a,i,prémaitioniire,0
érpnisuoslémnoieria,érpnisuoslémnoieria,ppprss,ppp,ss,lém,érp_ni_suos,noi_eria,érpnisuoslémnoieria,control,p,0.0,0,é,e,erpnisuoslémnoieria,0
reindémait,reindémoit,pppr,ppp,,mait,re_in_dé,,reindémait,target,r,,1,a,o,reindémoit,1
ernilémtne,ernilémtre,pprs,pp,s,lém,er_ni,tne,ernilémtne,control,s,0.0,1,n,r,ernilémtre,1
tratnoiletnem,tratnoiletnem,rsss,,sss,trat,,noi_le_tnem,tratnoiletnem,control,s,0.0,1,o,i,tratniiletnem,0
détartiquement,bétartiquement,prss,p,ss,tart,dé,ique_ment,détartiquement,target,p,0.0,0,d,b,bétartiquement,1
erniédlif,erniidlif,pppr,ppp,,lif,er_ni_éd,,erniédlif,control,p,2.0,0,é,i,erniidlif,1
surctnemeria,surctnomeria,rss,,ss,surc,,tnem_eria,surctnemeria,control,s,0.0,2,e,o,surctnomeria,1
bourant,bourant,rs,,s,bour,,ant,bourant,target,r,,0,b,g,gourant,0
prédésintais,prédésintais,pppr,ppp,,tais,pré_dés_in,,prédésintais,target,r,,0,t,s,prédésinsais,0
lifnoileemsi,lifnoileemsi,rsss,,sss,lif,,noi_le_emsi,lifnoileemsi,control,s,1.0,1,e,a,lifnoilaemsi,0
prérecertionelment,prérecortionelment,pprsss,pp,sss,cert,pré_re,ion_el_ment,prérecertionelment,target,r,,1,e,o,prérecortionelment,1
insoupoul,insoupoul,ppr,pp,,poul,in_sou,,insoupoul,target,p,1.0,2,u,e,insoepoul,0
reinsurcomanteliste,reinsursomanteliste,ppprsss,ppp,sss,com,re_in_sur,ant_el_iste,reinsurcomanteliste,target,r,,0,c,s,reinsursomanteliste,1
prédésinjaun,prédésinmaun,pppr,ppp,,jaun,pré_dés_in,,prédésinjaun,target,r,,0,j,m,prédésinmaun,1
erédruj,erédruj,ppr,pp,,ruj,er_éd,,erédruj,control,p,0.0,1,r,n,enédruj,0
prérediriveité,prérediriveité,pprss,pp,ss,dir,pré_re,ive_ité,prérediriveité,target,s,0.0,2,e,a,préredirivaité,0
redédiotité,redédiotité,pprs,pp,s,diot,re_dé,ité,redédiotité,target,s,0.0,0,i,e,redédioteté,0
niuosrèim,miuosrèim,ppr,pp,,rèim,ni_uos,,niuosrèim,control,p,0.0,0,n,m,miuosrèim,1
redémaitionelment,resémaitionelment,pprsss,pp,sss,mait,re_dé,ion_el_ment,redémaitionelment,target,p,1.0,0,d,s,resémaitionelment,1
tronablement,tronablement,rss,,ss,tron,,able_ment,tronablement,target,r,,0,t,s,sronablement,0
ernilif,ernilif,ppr,pp,,lif,er_ni,,ernilif,control,p,0.0,0,e,a,arnilif,0
reinpoulablement,reinpoulabyement,pprss,pp,ss,poul,re_in,able_ment,reinpoulablement,target,s,0.0,2,l,y,reinpoulabyement,1
surcnoileéti,surcnoileéti,rsss,,sss,surc,,noi_le_éti,surcnoileéti,control,s,0.0,1,o,e,surcneileéti,0
ersiateuqi,ersiateuqu,prs,p,s,siat,er,euqi,ersiateuqi,control,s,0.0,3,i,u,ersiateuqu,1
erniédléut,erniédléut,pppr,ppp,,léut,er_ni_éd,,erniédléut,control,p,1.0,1,i,e,erneédléut,0
nirustrecnoiletnem,nirustrecnoiletmem,pprsss,pp,sss,trec,ni_rus,noi_le_tnem,nirustrecnoiletnem,control,s,2.0,1,n,m,nirustrecnoiletmem,1
érpertoidelbatnem,érpertoidelbatnam,pprss,pp,ss,toid,érp_er,elba_tnem,érpertoidelbatnem,control,s,1.0,2,e,a,érpertoidelbatnam,1
nisnalnoile,nesnalnoile,prss,p,ss,snal,ni,noi_le,nisnalnoile,control,p,0.0,1,i,e,nesnalnoile,1
ensanionelment,ansanionelment,prsss,p,sss,san,en,ion_el_ment,ensanionelment,target,p,0.0,0,e,a,ansanionelment,1
fab,fub,r,,,fab,,,fab,control,r,,1,a,u,fub,1
lémnoileemsi,némnoileemsi,rsss,,sss,lém,,noi_le_emsi,lémnoileemsi,control,r,,0,l,n,némnoileemsi,1
reindéprévent,reindéprécent,ppprs,ppp,s,prév,re_in_dé,ent,reindéprévent,target,r,,3,v,c,reindéprécent,1
préreindiotionelité,préreindiotionemité,ppprsss,ppp,sss,diot,pré_re_in,ion_el_ité,préreindiotionelité,target,s,1.0,1,l,m,préreindiotionemité,1
reincruseur,reincruseur,pprs,pp,s,crus,re_in,eur,reincruseur,target,r,,3,s,t,reincruteur,0
redirant,redirant,prs,p,s,dir,re,ant,redirant,target,p,0.0,0,r,l,ledirant,0
redépréviquement,redépréviquement,pprss,pp,ss,prév,re_dé,ique_ment,redépréviquement,target,r,,2,é,e,redépreviquement,0
érpernirioftnem,érpernirioftrem,ppprs,ppp,s,riof,érp_er_ni,tnem,érpernirioftnem,control,s,0.0,1,n,r,érpernirioftrem,1
erniédsurctnem,erniédsurctnem,ppprs,ppp,s,surc,er_ni_éd,tnem,erniédsurctnem,control,p,0.0,1,r,l,elniédsurctnem,0
bafanteliste,bafanteniste,rsss,,sss,baf,,ant_el_iste,bafanteliste,target,s,1.0,1,l,n,bafanteniste,1
enboit,erboit,pr,p,,boit,en,,enboit,target,p,0.0,1,n,r,erboit,1
retuélionel,retuéliorel,prss,p,ss,tuél,re,ion_el,retuélionel,target,s,0.0,2,n,r,retuéliorel,1
erniédtoidnoileéti,erniédtoidnoileéti,ppprsss,ppp,sss,toid,er_ni_éd,noi_le_éti,erniédtoidnoileéti,control,p,0.0,0,e,o,orniédtoidnoileéti,0
nemocnoileéti,lemocnoileéti,prsss,p,sss,moc,ne,noi_le_éti,nemocnoileéti,control,p,0.0,0,n,l,lemocnoileéti,1
nemelknoiletnem,nemelknoiletnem,prsss,p,sss,melk,ne,noi_le_tnem,nemelknoiletnem,control,s,1.0,1,e,è,nemelknoilètnem,0
érpsédnitoid,érdsédnitoid,pppr,ppp,,toid,érp_séd_ni,,érpsédnitoid,control,p,0.0,2,p,d,érdsédnitoid,1
reklementeliste,reklementelisto,prsss,p,sss,klem,re,ent_el_iste,reklementeliste,target,s,2.0,3,e,o,reklementelisto,1
inlans,inlars,pr,p,,lans,in,,inlans,target,r,,2,n,r,inlars,1
enmélalisme,enmélalisme,prss,p,ss,mél,en,al_isme,enmélalisme,target,r,,0,m,l,enlélalisme,0
reindétuél,reindétuél,pppr,ppp,,tuél,re_in_dé,,reindétuél,target,r,,0,t,d,reindéduél,0
érperniléut,érperniléut,pppr,ppp,,léut,érp_er_ni,,érperniléut,control,p,2.0,0,n,r,érperriléut,0
refil,refil,pr,p,,fil,re,,refil,target,p,0.0,1,e,a,rafil,0
préinsousfoirment,préinsousfoirnent,ppprs,ppp,s,foir,pré_in_sous,ment,préinsousfoirment,target,s,0.0,0,m,n,préinsousfoirnent,1
reinboitablement,reinsoitablement,pprss,pp,ss,boit,re_in,able_ment,reinboitablement,target,r,,0,b,s,reinsoitablement,1
recort,necort,pr,p,,cort,re,,recort,target,p,0.0,0,r,n,necort,1
ersnalle,ersnalle,prs,p,s,snal,er,le,ersnalle,control,r,,0,s,d,erdnalle,0
crusiquement,crusiquement,rss,,ss,crus,,ique_ment,crusiquement,target,r,,1,r,n,cnusiquement,0
ernimocelbatnem,ernimocelbatnem,pprss,pp,ss,moc,er_ni,elba_tnem,ernimocelbatnem,control,r,,0,m,y,erniyocelbatnem,0
nuajnoieria,nuajnoieria,rss,,ss,nuaj,,noi_eria,nuajnoieria,control,s,1.0,0,e,o,nuajnoioria,0
ernastneleetsi,ernastneleetsi,prsss,p,sss,nas,er,tne_le_etsi,ernastneleetsi,control,r,,2,s,t,ernattneleetsi,0
tartiquement,tartiquement,rss,,ss,tart,,ique_ment,tartiquement,target,r,,1,a,u,turtiquement,0
refilenteliste,réfilenteliste,prsss,p,sss,fil,re,ent_el_iste,refilenteliste,target,p,0.0,1,e,é,réfilenteliste,1
ersnaleuqitnem,ersnaleuqitnem,prss,p,ss,snal,er,euqi_tnem,ersnaleuqitnem,control,r,,0,s,c,ercnaleuqitnem,0
léutnoieria,léutnoieria,rss,,ss,léut,,noi_eria,léutnoieria,control,r,,3,t,d,léudnoieria,0
norteviéti,nolteviéti,rss,,ss,nort,,evi_éti,norteviéti,control,r,,2,r,l,nolteviéti,1
rusnetratle,rusnetratre,pprs,pp,s,trat,rus_ne,le,rusnetratle,control,s,0.0,0,l,r,rusnetratre,1
reboitistique,reboitistique,prss,p,ss,boit,re,ist_ique,reboitistique,target,p,0.0,0,r,n,neboitistique,0
reindécomionelment,reindécomionelment,ppprsss,ppp,sss,com,re_in_dé,ion_el_ment,reindécomionelment,target,p,0.0,1,e,i,riindécomionelment,0
édmiernoileéti,édmiornoileéti,prsss,p,sss,mier,éd,noi_le_éti,édmiernoileéti,control,r,,2,e,o,édmiornoileéti,1
erniédnuajtne,erniédnuajtne,ppprs,ppp,s,nuaj,er_ni_éd,tne,erniédnuajtne,control,s,0.0,1,n,l,erniédnuajtle,0
vérpeviéti,vérpeviéti,rss,,ss,vérp,,evi_éti,vérpeviéti,control,s,1.0,0,é,e,vérpevieti,0
boitant,boitant,rs,,s,boit,,ant,boitant,target,r,,0,b,s,soitant,0
édsnaleviéti,idsnaleviéti,prss,p,ss,snal,éd,evi_éti,édsnaleviéti,control,p,0.0,0,é,i,idsnaleviéti,1
sanment,sanment,rs,,s,san,,ment,sanment,target,s,0.0,0,m,n,sannent,0
redétuélablement,redétuélablament,pprss,pp,ss,tuél,re_dé,able_ment,redétuélablement,target,s,0.0,3,e,a,redétuélablament,1
erédtôlbnoileemsi,erédtôlbnoileemsi,pprsss,pp,sss,tôlb,er_éd,noi_le_emsi,erédtôlbnoileemsi,control,r,,0,t,q,erédqôlbnoileemsi,0
errèimtnaleetsi,errèimtnaleetsi,prsss,p,sss,rèim,er,tna_le_etsi,errèimtnaleetsi,control,p,0.0,0,e,i,irrèimtnaleetsi,0
fablaemsi,fablaemsi,rss,,ss,fab,,la_emsi,fablaemsi,control,s,1.0,1,m,l,fablaelsi,0
ernirussurcnoi,ernirussurcnoi,ppprs,ppp,s,surc,er_ni_rus,noi,ernirussurcnoi,control,s,0.0,1,o,e,ernirussurcnei,0
encortion,encortion,prs,p,s,cort,en,ion,encortion,target,p,0.0,0,e,a,ancortion,0
désinboitionelment,désinboitiorelment,pprsss,pp,sss,boit,dés_in,ion_el_ment,désinboitionelment,target,s,0.0,2,n,r,désinboitiorelment,1
erédkaltna,erédkaltra,pprs,pp,s,kal,er_éd,tna,erédkaltna,control,s,0.0,1,n,r,erédkaltra,1
préreinsilionaire,préreinsilionuire,ppprss,ppp,ss,sil,pré_re_in,ion_aire,préreinsilionaire,target,s,1.0,0,a,u,préreinsilionuire,1
préreintaisalisme,préreintaisalisme,ppprss,ppp,ss,tais,pré_re_in,al_isme,préreintaisalisme,target,s,0.0,1,l,m,préreintaisamisme,0
erniédrèim,erniédrèim,pppr,ppp,,rèim,er_ni_éd,,erniédrèim,control,r,,1,è,o,erniédroim,0
érperniléuttnem,érperniléuttnem,ppprs,ppp,s,léut,érp_er_ni,tnem,érperniléuttnem,control,s,0.0,1,n,r,érperniléuttrem,0
melknoiletnem,mêlknoiletnem,rsss,,sss,melk,,noi_le_tnem,melknoiletnem,control,r,,1,e,ê,mêlknoiletnem,1
érperninortemsi,érpirninortemsi,ppprs,ppp,s,nort,érp_er_ni,emsi,érperninortemsi,control,p,1.0,0,e,i,érpirninortemsi,1
reinprévanteliste,reinprévanteliste,pprsss,pp,sss,prév,re_in,ant_el_iste,reinprévanteliste,target,r,,0,p,s,reinsrévanteliste,0
préreintais,préreintais,pppr,ppp,,tais,pré_re_in,,préreintais,target,r,,3,s,d,préreintaid,0
érpernitôlbnoileéti,érpernetôlbnoileéti,ppprsss,ppp,sss,tôlb,érp_er_ni,noi_le_éti,érpernitôlbnoileéti,control,p,2.0,1,i,e,érpernetôlbnoileéti,1
cortiquement,cortiquement,rss,,ss,cort,,ique_ment,cortiquement,target,s,1.0,0,m,n,cortiquenent,0
rusnecibtne,rusnecibtne,pprs,pp,s,cib,rus_ne,tne,rusnecibtne,control,r,,0,c,s,rusnesibtne,0
reklem,ruklem,pr,p,,klem,re,,reklem,target,p,0.0,1,e,u,ruklem,1
érpernilém,érpernilum,pppr,ppp,,lém,érp_er_ni,,érpernilém,control,r,,1,é,u,érpernilum,1
indésan,indédan,ppr,pp,,san,in_dé,,indésan,target,r,,0,s,d,indédan,1
redétroniquement,redétroniquement,pprss,pp,ss,tron,re_dé,ique_ment,redétroniquement,target,p,0.0,1,e,u,rudétroniquement,0
rebafionelment,rebafionelmont,prsss,p,sss,baf,re,ion_el_ment,rebafionelment,target,s,2.0,1,e,o,rebafionelmont,1
recortel,recortel,prs,p,s,cort,re,el,recortel,target,r,,3,t,p,recorpel,0
erniléutnoileéti,erniléutnoileéti,pprsss,pp,sss,léut,er_ni,noi_le_éti,erniléutnoileéti,control,s,1.0,0,l,n,erniléutnoineéti,0
ernorttnem,ernorstnem,prs,p,s,nort,er,tnem,ernorttnem,control,r,,3,t,s,ernorstnem,1
érpkalelba,irpkalelba,prs,p,s,kal,érp,elba,érpkalelba,control,p,0.0,0,é,i,irpkalelba,1
erédtoidtneleetsi,erédtoidtnileetsi,pprsss,pp,sss,toid,er_éd,tne_le_etsi,erédtoidtneleetsi,control,s,0.0,2,e,i,erédtoidtnileetsi,1
erniédsurcelba,erniédsurcelbi,ppprs,ppp,s,surc,er_ni_éd,elba,erniédsurcelba,control,s,0.0,3,a,i,erniédsurcelbi,1
tuélionelment,tuélionelment,rsss,,sss,tuél,,ion_el_ment,tuélionelment,target,s,1.0,0,e,u,tuélionulment,0
inklemionelisme,inklemionelisme,prsss,p,sss,klem,in,ion_el_isme,inklemionelisme,target,s,2.0,1,s,t,inklemionelitme,0
reprév,raprév,pr,p,,prév,re,,reprév,target,p,0.0,1,e,a,raprév,1
érpvérpnoieria,érpqérpnoieria,prss,p,ss,vérp,érp,noi_eria,érpvérpnoieria,control,r,,0,v,q,érpqérpnoieria,1
reindétaisionelisme,reindétaosionelisme,ppprsss,ppp,sss,tais,re_in_dé,ion_el_isme,reindétaisionelisme,target,r,,2,i,o,reindétaosionelisme,1
rujtneleetsi,rujtneleetse,rsss,,sss,ruj,,tne_le_etsi,rujtneleetsi,control,s,2.0,3,i,e,rujtneleetse,1
prédésindiot,prédésindiot,pppr,ppp,,diot,pré_dés_in,,prédésindiot,target,r,,0,d,c,prédésinciot,0
erniédvérptne,erniédvérptne,ppprs,ppp,s,vérp,er_ni_éd,tne,erniédvérptne,control,r,,0,v,h,erniédhérptne,0
reincort,reincort,ppr,pp,,cort,re_in,,reincort,target,p,1.0,0,i,ù,reùncort,0
ernirustiamtna,ernirustiamtna,ppprs,ppp,s,tiam,er_ni_rus,tna,ernirustiamtna,control,p,2.0,2,s,p,erniruptiamtna,0
érperniléuttnem,érperniléuttnem,ppprs,ppp,s,léut,érp_er_ni,tnem,érperniléuttnem,control,r,,0,l,n,érperninéuttnem,0
rujetsi,rujetsi,rs,,s,ruj,,etsi,rujetsi,control,s,0.0,1,t,q,rujeqsi,0
léuttnem,léettnem,rs,,s,léut,,tnem,léuttnem,control,r,,2,u,e,léettnem,1
erédtrecelbatnem,erédtrecelbetnem,pprss,pp,ss,trec,er_éd,elba_tnem,erédtrecelbatnem,control,s,0.0,3,a,e,erédtrecelbetnem,1
érpernisurctnemeria,érpernisurctnemeria,ppprss,ppp,ss,surc,érp_er_ni,tnem_eria,érpernisurctnemeria,control,r,,1,u,e,érperniserctnemeria,0
ertrattneleetsi,ertrattneleetsi,prsss,p,sss,trat,er,tne_le_etsi,ertrattneleetsi,control,r,,2,a,e,ertrettneleetsi,0
rebicmentaire,rebicmentaire,prss,p,ss,bic,re,ment_aire,rebicmentaire,target,p,0.0,1,e,a,rabicmentaire,0
reindébourionelisme,reindébourionelisme,ppprsss,ppp,sss,bour,re_in_dé,ion_el_isme,reindébourionelisme,target,p,1.0,1,n,m,reimdébourionelisme,0
ruobtne,ruobtle,rs,,s,ruob,,tne,ruobtne,control,s,0.0,1,n,l,ruobtle,1
érpnisuosluop,érpnisuosluop,pppr,ppp,,luop,érp_ni_suos,,érpnisuosluop,control,r,,2,o,u,érpnisuosluup,0
érperkal,érperkar,ppr,pp,,kal,érp_er,,érperkal,control,r,,2,l,r,érperkar,1
sédnimocrue,sédnimocruê,pprs,pp,s,moc,séd_ni,rue,sédnimocrue,control,s,0.0,2,e,ê,sédnimocruê,1
refoirenteliste,nefoirenteliste,prsss,p,sss,foir,re,ent_el_iste,refoirenteliste,target,p,0.0,0,r,n,nefoirenteliste,1
trectneleetsi,trectneleetsi,rsss,,sss,trec,,tne_le_etsi,trectneleetsi,control,r,,3,c,g,tregtneleetsi,0
redétartent,jedétartent,pprs,pp,s,tart,re_dé,ent,redétartent,target,p,0.0,0,r,j,jedétartent,1
préinsousfoirionaire,préinsousfoirionaire,ppprss,ppp,ss,foir,pré_in_sous,ion_aire,préinsousfoirionaire,target,p,2.0,3,s,b,préinsoubfoirionaire,0
nemocnoileemsi,nemécnoileemsi,prsss,p,sss,moc,ne,noi_le_emsi,nemocnoileemsi,control,r,,1,o,é,nemécnoileemsi,1
préreinlakiquement,préreinlakiquenent,ppprss,ppp,ss,lak,pré_re_in,ique_ment,préreinlakiquement,target,s,1.0,0,m,n,préreinlakiquenent,1
fabtnem,fabtnem,rs,,s,fab,,tnem,fabtnem,control,r,,1,a,u,fubtnem,0
édliseuqitnem,édliseuqitnem,prss,p,ss,lis,éd,euqi_tnem,édliseuqitnem,control,r,,2,s,t,édliteuqitnem,0
redétronion,redétronion,pprs,pp,s,tron,re_dé,ion,redétronion,target,r,,0,t,v,redévronion,0
reindédirion,reindédirion,ppprs,ppp,s,dir,re_in_dé,ion,reindédirion,target,r,,1,i,e,reindéderion,0
érpsédnivérp,érpsédnivérp,pppr,ppp,,vérp,érp_séd_ni,,érpsédnivérp,control,r,,1,é,e,érpsédniverp,0
lakionelisme,lakionenisme,rsss,,sss,lak,,ion_el_isme,lakionelisme,target,s,1.0,1,l,n,lakionenisme,1
prédésinbourionelment,prédésinbourionelment,ppprsss,ppp,sss,bour,pré_dés_in,ion_el_ment,prédésinbourionelment,target,p,1.0,2,s,v,prédévinbourionelment,0
reindétuélment,reindétuélment,ppprs,ppp,s,tuél,re_in_dé,ment,reindétuélment,target,r,,1,u,a,reindétaélment,0
surenfoirel,surenfoirel,pprs,pp,s,foir,sur_en,el,surenfoirel,target,r,,2,i,a,surenfoarel,0
certant,certant,rs,,s,cert,,ant,certant,target,s,0.0,1,n,r,certart,0
erédlémeuqitnem,erédlémeuqitnem,pprss,pp,ss,lém,er_éd,euqi_tnem,erédlémeuqitnem,control,s,0.0,0,e,a,erédlémauqitnem,0
erniédvérpeviéti,erniédvérpeviéti,ppprss,ppp,ss,vérp,er_ni_éd,evi_éti,erniédvérpeviéti,control,r,,0,v,f,erniédférpeviéti,0
prédésinfilion,prédésinfijion,ppprs,ppp,s,fil,pré_dés_in,ion,prédésinfilion,target,r,,2,l,j,prédésinfijion,1
reindétron,reindétron,pppr,ppp,,tron,re_in_dé,,reindétron,target,p,0.0,0,r,n,neindétron,0
reinlakant,reinlakint,pprs,pp,s,lak,re_in,ant,reinlakant,target,s,0.0,0,a,i,reinlakint,1
erniédkalelbatnem,erniédkalélbatnem,ppprss,ppp,ss,kal,er_ni_éd,elba_tnem,erniédkalelbatnem,control,s,0.0,0,e,é,erniédkalélbatnem,1
prédésinsanenteliste,prédésinsanentiliste,ppprsss,ppp,sss,san,pré_dés_in,ent_el_iste,prédésinsanenteliste,target,s,1.0,0,e,i,prédésinsanentiliste,1
ernirusmoc,ernirasmoc,pppr,ppp,,moc,er_ni_rus,,ernirusmoc,control,p,2.0,1,u,a,ernirasmoc,1
norttneleetsi,nonttneleetsi,rsss,,sss,nort,,tne_le_etsi,norttneleetsi,control,r,,2,r,n,nonttneleetsi,1
cert,cert,r,,,cert,,,cert,target,r,,1,e,a,cart,0
érpsédnicibtneleetsi,érpsédnicibtneleetsi,ppprsss,ppp,sss,cib,érp_séd_ni,tne_le_etsi,érpsédnicibtneleetsi,control,p,1.0,2,d,s,érpsésnicibtneleetsi,0
niédmocrue,niédmocrue,pprs,pp,s,moc,ni_éd,rue,niédmocrue,control,p,1.0,1,d,c,niécmocrue,0
ernisurc,elnisurc,ppr,pp,,surc,er_ni,,ernisurc,control,p,0.0,1,r,l,elnisurc,1
repoul,repoul,pr,p,,poul,re,,repoul,target,r,,1,o,a,repaul,0
préreinmièriveité,préreinlièriveité,ppprss,ppp,ss,mièr,pré_re_in,ive_ité,préreinmièriveité,target,r,,0,m,l,préreinlièriveité,1
prévment,prévment,rs,,s,prév,,ment,prévment,target,s,0.0,3,t,c,prévmenc,0
erfabtneleetsi,erfabtneleetsi,prsss,p,sss,fab,er,tne_le_etsi,erfabtneleetsi,control,s,1.0,0,l,r,erfabtnereetsi,0
erniédtratlaéti,erneédtratlaéti,ppprss,ppp,ss,trat,er_ni_éd,la_éti,erniédtratlaéti,control,p,1.0,1,i,e,erneédtratlaéti,1
redécortionelisme,redécortionelisme,pprsss,pp,sss,cort,re_dé,ion_el_isme,redécortionelisme,target,p,0.0,0,r,m,medécortionelisme,0
niédluopnoileemsi,niédluopnoileemsi,pprsss,pp,sss,luop,ni_éd,noi_le_emsi,niédluopnoileemsi,control,p,0.0,1,i,e,neédluopnoileemsi,0
ruobnoi,ruobnoi,rs,,s,ruob,,noi,ruobnoi,control,r,,1,u,o,roobnoi,0
érpernilémelba,érpernilémelba,ppprs,ppp,s,lém,érp_er_ni,elba,érpernilémelba,control,r,,0,l,n,érperninémelba,0
insouklemmentaire,insouklemmentaere,pprss,pp,ss,klem,in_sou,ment_aire,insouklemmentaire,target,s,1.0,1,i,e,insouklemmentaere,1
reinsurfoirionelment,reinsurfoirionelment,ppprsss,ppp,sss,foir,re_in_sur,ion_el_ment,reinsurfoirionelment,target,p,0.0,1,e,a,rainsurfoirionelment,0
indédioteux,indidioteux,pprs,pp,s,diot,in_dé,eux,indédioteux,target,p,1.0,1,é,i,indidioteux,1
necibtnemeria,necigtnemeria,prss,p,ss,cib,ne,tnem_eria,necibtnemeria,control,r,,2,b,g,necigtnemeria,1
ernisurc,ernisurc,ppr,pp,,surc,er_ni,,ernisurc,control,p,0.0,0,e,u,urnisurc,0
cibtna,cibtne,rs,,s,cib,,tna,cibtna,control,s,0.0,2,a,e,cibtne,1
léuttnem,léuttnom,rs,,s,léut,,tnem,léuttnem,control,s,0.0,2,e,o,léuttnom,1
pouliveité,poiliveité,rss,,ss,poul,,ive_ité,pouliveité,target,r,,2,u,i,poiliveité,1
neruobeuqitnem,neruobeuqitnem,prss,p,ss,ruob,ne,euqi_tnem,neruobeuqitnem,control,r,,2,o,i,neruibeuqitnem,0
snaltnaleetsi,xnaltnaleetsi,rsss,,sss,snal,,tna_le_etsi,snaltnaleetsi,control,r,,0,s,x,xnaltnaleetsi,1
préreinfilenteliste,préreinfilenteliste,ppprsss,ppp,sss,fil,pré_re_in,ent_el_iste,préreinfilenteliste,target,r,,2,l,n,préreinfinenteliste,0
insoujurionelment,insoujurionelment,pprsss,pp,sss,jur,in_sou,ion_el_ment,insoujurionelment,target,s,2.0,2,n,r,insoujurionelmert,0
diotionelisme,diotionelisme,rsss,,sss,diot,,ion_el_isme,diotionelisme,target,r,,0,d,f,fiotionelisme,0
sanionelment,sanionolment,rsss,,sss,san,,ion_el_ment,sanionelment,target,s,1.0,0,e,o,sanionolment,1
mélionel,mélionel,rss,,ss,mél,,ion_el,mélionel,target,r,,0,m,j,jélionel,0
redéfoirmentaire,redéfoirmentaire,pprss,pp,ss,foir,re_dé,ment_aire,redéfoirmentaire,target,r,,0,f,c,redécoirmentaire,0
prérecomanteliste,prérecomanteliste,pprsss,pp,sss,com,pré_re,ant_el_iste,prérecomanteliste,target,p,0.0,2,é,a,prarecomanteliste,0
encom,encon,pr,p,,com,en,,encom,target,r,,2,m,n,encon,1
erniédrid,urniédrid,pppr,ppp,,rid,er_ni_éd,,erniédrid,control,p,0.0,0,e,u,urniédrid,1
reindésanionelité,reindésenionelité,ppprsss,ppp,sss,san,re_in_dé,ion_el_ité,reindésanionelité,target,r,,1,a,e,reindésenionelité,1
errèimlaéti,ernèimlaéti,prss,p,ss,rèim,er,la_éti,errèimlaéti,control,r,,0,r,n,ernèimlaéti,1
ernirustroctneleetsi,ernirustroctneleetsi,ppprsss,ppp,sss,troc,er_ni_rus,tne_le_etsi,ernirustroctneleetsi,control,p,2.0,0,r,l,ernilustroctneleetsi,0
klemable,klemable,rs,,s,klem,,able,klemable,target,s,0.0,0,a,e,klemeble,0
erédnorttna,arédnorttna,pprs,pp,s,nort,er_éd,tna,erédnorttna,control,p,0.0,0,e,a,arédnorttna,1
com,cim,r,,,com,,,com,target,r,,1,o,i,cim,1
encrusionelité,emcrusionelité,prsss,p,sss,crus,en,ion_el_ité,encrusionelité,target,p,0.0,1,n,m,emcrusionelité,1
surentartent,surentartent,pprs,pp,s,tart,sur_en,ent,surentartent,target,r,,0,t,s,surensartent,0
reindéklem,reindéklem,pppr,ppp,,klem,re_in_dé,,reindéklem,target,p,0.0,1,e,i,riindéklem,0
recomant,recomant,prs,p,s,com,re,ant,recomant,target,p,0.0,1,e,a,racomant,0
érpnisuoscibnoieria,érpnicuoscibnoieria,ppprss,ppp,ss,cib,érp_ni_suos,noi_eria,érpnisuoscibnoieria,control,p,2.0,0,s,c,érpnicuoscibnoieria,1
trateuqitnem,trateuqitnem,rss,,ss,trat,,euqi_tnem,trateuqitnem,control,r,,0,t,q,qrateuqitnem,0
érpertiamnoile,érpertiamnoile,pprss,pp,ss,tiam,érp_er,noi_le,érpertiamnoile,control,p,0.0,0,é,e,erpertiamnoile,0
préreinlansanteliste,préreinlansanteliste,ppprsss,ppp,sss,lans,pré_re_in,ant_el_iste,préreinlansanteliste,target,p,1.0,0,r,m,prémeinlansanteliste,0
redir,redir,pr,p,,dir,re,,redir,target,p,0.0,0,r,j,jedir,0
riofnoileemsi,riofnoileejsi,rsss,,sss,riof,,noi_le_emsi,riofnoileemsi,control,s,2.0,1,m,j,riofnoileejsi,1
poul,poum,r,,,poul,,,poul,target,r,,3,l,m,poum,1
ertôlb,ertôlb,pr,p,,tôlb,er,,ertôlb,control,r,,3,b,s,ertôls,0
remièrionelité,remièrionerité,prsss,p,sss,mièr,re,ion_el_ité,remièrionelité,target,s,1.0,1,l,r,remièrionerité,1
indétaisionelisme,indéteisionelisme,pprsss,pp,sss,tais,in_dé,ion_el_isme,indétaisionelisme,target,r,,1,a,e,indéteisionelisme,1
bourment,bourmens,rs,,s,bour,,ment,bourment,target,s,0.0,3,t,s,bourmens,1
tartablement,tartablemelt,rss,,ss,tart,,able_ment,tartablement,target,s,1.0,2,n,l,tartablemelt,1
redétartenteliste,redétartenteliste,pprsss,pp,sss,tart,re_dé,ent_el_iste,redétartenteliste,target,s,2.0,3,e,a,redétartentelista,0
resilique,resileque,prs,p,s,sil,re,ique,resilique,target,s,0.0,0,i,e,resileque,1
reindéprév,reindéprév,pppr,ppp,,prév,re_in_dé,,reindéprév,target,p,1.0,1,n,r,reirdéprév,0
erédnas,ejédnas,ppr,pp,,nas,er_éd,,erédnas,control,p,0.0,1,r,j,ejédnas,1
édtiobla,édtiobla,prs,p,s,tiob,éd,la,édtiobla,control,p,0.0,1,d,f,éftiobla,0
redésanablement,redesanablement,pprss,pp,ss,san,re_dé,able_ment,redésanablement,target,p,1.0,1,é,e,redesanablement,1
niédvérprue,niédvérprue,pprs,pp,s,vérp,ni_éd,rue,niédvérprue,control,s,0.0,1,u,ê,niédvérprêe,0
préreinfoireux,préreinfoireux,ppprs,ppp,s,foir,pré_re_in,eux,préreinfoireux,target,s,0.0,0,e,a,préreinfoiraux,0
érpsédniruobnoiletnem,érpsédniràobnoiletnem,ppprsss,ppp,sss,ruob,érp_séd_ni,noi_le_tnem,érpsédniruobnoiletnem,control,r,,1,u,à,érpsédniràobnoiletnem,1
préreprév,prereprév,ppr,pp,,prév,pré_re,,préreprév,target,p,0.0,2,é,e,prereprév,1
rèimnoiletnem,rèimnoiletnem,rsss,,sss,rèim,,noi_le_tnem,rèimnoiletnem,control,r,,2,i,e,rèemnoiletnem,0
ernitiobtneleetsi,ernitiibtneleetsi,pprsss,pp,sss,tiob,er_ni,tne_le_etsi,ernitiobtneleetsi,control,r,,2,o,i,ernitiibtneleetsi,1
boitenteliste,boitenteliste,rsss,,sss,boit,,ent_el_iste,boitenteliste,target,r,,3,t,s,boisenteliste,0
maitionelment,maotionelment,rsss,,sss,mait,,ion_el_ment,maitionelment,target,r,,2,i,o,maotionelment,1
niédrèim,neédrèim,ppr,pp,,rèim,ni_éd,,niédrèim,control,p,0.0,1,i,e,neédrèim,1
érperrujnoiletnem,érperrujnoimetnem,pprsss,pp,sss,ruj,érp_er,noi_le_tnem,érperrujnoiletnem,control,s,1.0,0,l,m,érperrujnoimetnem,1
mélenteliste,nélenteliste,rsss,,sss,mél,,ent_el_iste,mélenteliste,target,r,,0,m,n,nélenteliste,1
erniédtratnoileéti,urniédtratnoileéti,ppprsss,ppp,sss,trat,er_ni_éd,noi_le_éti,erniédtratnoileéti,control,p,0.0,0,e,u,urniédtratnoileéti,1
moc,moc,r,,,moc,,,moc,control,r,,0,m,j,joc,0
erniléutrue,erniléutrue,pprs,pp,s,léut,er_ni,rue,erniléutrue,control,p,1.0,1,i,u,ernuléutrue,0
niuostoidtnemeria,niuostoédtnemeria,pprss,pp,ss,toid,ni_uos,tnem_eria,niuostoidtnemeria,control,r,,2,i,é,niuostoédtnemeria,1
erriofnoileéti,erruofnoileéti,prsss,p,sss,riof,er,noi_le_éti,erriofnoileéti,control,r,,1,i,u,erruofnoileéti,1
érperniruob,érpernireob,pppr,ppp,,ruob,érp_er_ni,,érperniruob,control,r,,1,u,e,érpernireob,1
poulanteliste,poulanteliste,rsss,,sss,poul,,ant_el_iste,poulanteliste,target,r,,1,o,u,puulanteliste,0
surenmélent,surenménent,pprs,pp,s,mél,sur_en,ent,surenmélent,target,r,,2,l,n,surenménent,1
erniédtiobnoileemsi,emniédtiobnoileemsi,ppprsss,ppp,sss,tiob,er_ni_éd,noi_le_emsi,erniédtiobnoileemsi,control,p,0.0,1,r,m,emniédtiobnoileemsi,1
redémélment,redémélment,pprs,pp,s,mél,re_dé,ment,redémélment,target,s,0.0,2,n,j,redémélmejt,0
reindélansiveité,reindélansiveité,ppprss,ppp,ss,lans,re_in_dé,ive_ité,reindélansiveité,target,r,,0,l,n,reindénansiveité,0
ernirustoidtneleetsi,ernirostoidtneleetsi,ppprsss,ppp,sss,toid,er_ni_rus,tne_le_etsi,ernirustoidtneleetsi,control,p,2.0,1,u,o,ernirostoidtneleetsi,1
ernirusfabelbatnem,eynirusfabelbatnem,ppprss,ppp,ss,fab,er_ni_rus,elba_tnem,ernirusfabelbatnem,control,p,0.0,1,r,y,eynirusfabelbatnem,1
ervérp,erverp,pr,p,,vérp,er,,ervérp,control,r,,1,é,e,erverp,1
reimablement,reimabloment,rss,,ss,reim,,able_ment,reimablement,target,s,0.0,3,e,o,reimabloment,1
nifabnoileemsi,nifabnoileemsi,prsss,p,sss,fab,ni,noi_le_emsi,nifabnoileemsi,control,p,0.0,0,n,l,lifabnoileemsi,0
trattnaleetsi,trattnaleetsi,rsss,,sss,trat,,tna_le_etsi,trattnaleetsi,control,s,1.0,0,l,n,trattnaneetsi,0
désincert,désincirt,ppr,pp,,cert,dés_in,,désincert,target,r,,1,e,i,désincirt,1
ernimoc,ernimoc,ppr,pp,,moc,er_ni,,ernimoc,control,r,,2,c,t,ernimot,0
redéprévablement,redébrévablement,pprss,pp,ss,prév,re_dé,able_ment,redéprévablement,target,r,,0,p,b,redébrévablement,1
érpernitôlbtneleetsi,érpernitôlbtneleetsi,ppprsss,ppp,sss,tôlb,érp_er_ni,tne_le_etsi,érpernitôlbtneleetsi,control,s,2.0,3,i,e,érpernitôlbtneleetse,0
snartridnoiletnem,snartridnoiletlem,prsss,p,sss,rid,snart,noi_le_tnem,snartridnoiletnem,control,s,2.0,1,n,l,snartridnoiletlem,1
erniédnortnoiletnem,erniédnortnoiletnem,ppprsss,ppp,sss,nort,er_ni_éd,noi_le_tnem,erniédnortnoiletnem,control,r,,3,t,s,erniédnorsnoiletnem,0
préreinmél,préreinmél,pppr,ppp,,mél,pré_re_in,,préreinmél,target,r,,1,é,e,préreinmel,0
reintart,reintart,ppr,pp,,tart,re_in,,reintart,target,p,0.0,1,e,i,riintart,0
relak,relak,pr,p,,lak,re,,relak,target,p,0.0,0,r,n,nelak,0
siattnemeria,siattnemeria,rss,,ss,siat,,tnem_eria,siattnemeria,control,s,1.0,2,i,e,siattnemerea,0
netrectnaleetsi,natrectnaleetsi,prsss,p,sss,trec,ne,tna_le_etsi,netrectnaleetsi,control,p,0.0,1,e,a,natrectnaleetsi,1
nevérp,navérp,pr,p,,vérp,ne,,nevérp,control,p,0.0,1,e,a,navérp,1
préreinjurable,préreinrurable,ppprs,ppp,s,jur,pré_re_in,able,préreinjurable,target,r,,0,j,r,préreinrurable,1
reindélansique,reindélansiquu,ppprs,ppp,s,lans,re_in_dé,ique,reindélansique,target,s,0.0,3,e,u,reindélansiquu,1
mièrionelment,mièrionelment,rsss,,sss,mièr,,ion_el_ment,mièrionelment,target,r,,2,è,e,mierionelment,0
préjaunanteliste,préjaunanteliste,prsss,p,sss,jaun,pré,ant_el_iste,préjaunanteliste,target,s,2.0,3,e,i,préjaunantelisti,0
rèimnoile,rèimnoile,rss,,ss,rèim,,noi_le,rèimnoile,control,r,,3,m,n,rèinnoile,0
silionelité,silionemité,rsss,,sss,sil,,ion_el_ité,silionelité,target,s,1.0,1,l,m,silionemité,1
érpfabnoiletnem,érpfabnoiletnem,prsss,p,sss,fab,érp,noi_le_tnem,érpfabnoiletnem,control,p,0.0,2,p,q,érqfabnoiletnem,0
niédléuttnaleetsi,niédliuttnaleetsi,pprsss,pp,sss,léut,ni_éd,tna_le_etsi,niédléuttnaleetsi,control,r,,1,é,i,niédliuttnaleetsi,1
prédéjur,prédéjum,ppr,pp,,jur,pré_dé,,prédéjur,target,r,,2,r,m,prédéjum,1
resilment,lesilment,prs,p,s,sil,re,ment,resilment,target,p,0.0,0,r,l,lesilment,1
erlém,enlém,pr,p,,lém,er,,erlém,control,p,0.0,1,r,n,enlém,1
préreinboitiquement,prureinboitiquement,ppprss,ppp,ss,boit,pré_re_in,ique_ment,préreinboitiquement,target,p,0.0,2,é,u,prureinboitiquement,1
jurent,jurent,rs,,s,jur,,ent,jurent,target,s,0.0,0,e,o,juront,0
érpertiamtsieuqi,érpertiamtsieuqi,pprss,pp,ss,tiam,érp_er,tsi_euqi,érpertiamtsieuqi,control,r,,2,a,é,érpertiémtsieuqi,0
redémièrionelment,redémièriénelment,pprsss,pp,sss,mièr,re_dé,ion_el_ment,redémièrionelment,target,s,0.0,1,o,é,redémièriénelment,1
reinsurmièr,reinturmièr,pppr,ppp,,mièr,re_in_sur,,reinsurmièr,target,p,2.0,0,s,t,reinturmièr,1
comant,corant,rs,,s,com,,ant,comant,target,r,,2,m,r,corant,1
erédnuajéti,erudnuajéti,pprs,pp,s,nuaj,er_éd,éti,erédnuajéti,control,p,1.0,0,é,u,erudnuajéti,1
jaun,jeun,r,,,jaun,,,jaun,target,r,,1,a,e,jeun,1
erridnoile,emridnoile,prss,p,ss,rid,er,noi_le,erridnoile,control,p,0.0,1,r,m,emridnoile,1
nitrattne,nitrattne,prs,p,s,trat,ni,tne,nitrattne,control,p,0.0,0,n,l,litrattne,0
reindébicionel,reindébicionel,ppprss,ppp,ss,bic,re_in_dé,ion_el,reindébicionel,target,p,0.0,1,e,i,riindébicionel,0
ertoidnoi,ertoidnoi,prs,p,s,toid,er,noi,ertoidnoi,control,s,0.0,2,i,o,ertoidnoo,0
erédfabnoi,erédfabnoi,pprs,pp,s,fab,er_éd,noi,erédfabnoi,control,s,0.0,2,i,é,erédfabnoé,0
comionelisme,colionelisme,rsss,,sss,com,,ion_el_isme,comionelisme,target,r,,2,m,l,colionelisme,1
erédsurctne,erédsurcdne,pprs,pp,s,surc,er_éd,tne,erédsurctne,control,s,0.0,0,t,d,erédsurcdne,1
ernicibtna,ernitibtna,pprs,pp,s,cib,er_ni,tna,ernicibtna,control,r,,0,c,t,ernitibtna,1
préreintron,préreintron,pppr,ppp,,tron,pré_re_in,,préreintron,target,p,1.0,0,r,n,préneintron,0
redéfoir,redéfoim,ppr,pp,,foir,re_dé,,redéfoir,target,r,,3,r,m,redéfoim,1
érpédnort,érpécnort,ppr,pp,,nort,érp_éd,,érpédnort,control,p,1.0,1,d,c,érpécnort,1
ernitroc,erlitroc,ppr,pp,,troc,er_ni,,ernitroc,control,p,1.0,0,n,l,erlitroc,1
nas,nas,r,,,nas,,,nas,control,r,,0,n,r,ras,0
reindélansionelisme,reindélansionelisme,ppprsss,ppp,sss,lans,re_in_dé,ion_el_isme,reindélansionelisme,target,s,2.0,0,i,a,reindélansionelasme,0
treclaemsi,treclaemsi,rss,,ss,trec,,la_emsi,treclaemsi,control,s,0.0,0,l,r,trecraemsi,0
foirment,foirment,rs,,s,foir,,ment,foirment,target,s,0.0,3,t,b,foirmenb,0
saneur,sanuur,rs,,s,san,,eur,saneur,target,s,0.0,0,e,u,sanuur,1
surcnoiletnem,surcnoiletnem,rsss,,sss,surc,,noi_le_tnem,surcnoiletnem,control,r,,2,r,n,suncnoiletnem,0
ernilémelbatnem,ernilémelbatnem,pprss,pp,ss,lém,er_ni,elba_tnem,ernilémelbatnem,control,r,,2,m,l,ernilélelbatnem,0
désincerteur,désincerteur,pprs,pp,s,cert,dés_in,eur,désincerteur,target,p,1.0,0,i,o,désoncerteur,0
redésiliquement,redésiliquement,pprss,pp,ss,sil,re_dé,ique_ment,redésiliquement,target,s,0.0,0,i,u,redésiluquement,0
érperniliffi,érperniliffi,ppprs,ppp,s,lif,érp_er_ni,fi,érperniliffi,control,s,0.0,0,f,c,érpernilifci,0
erniédruobnoi,erniédreobnoi,ppprs,ppp,s,ruob,er_ni_éd,noi,erniédruobnoi,control,r,,1,u,e,erniédreobnoi,1
ernitiobnoiletnem,ernitiobnoiletnem,pprsss,pp,sss,tiob,er_ni,noi_le_tnem,ernitiobnoiletnem,control,p,0.0,0,e,i,irnitiobnoiletnem,0
lans,rans,r,,,lans,,,lans,target,r,,0,l,r,rans,1
reinbicionelité,reinbicionelité,pprsss,pp,sss,bic,re_in,ion_el_ité,reinbicionelité,target,r,,0,b,f,reinficionelité,0
surenfoirion,surenfoirion,pprs,pp,s,foir,sur_en,ion,surenfoirion,target,p,1.0,1,n,r,surerfoirion,0
reinsurtronenteliste,reinsurtrolenteliste,ppprsss,ppp,sss,tron,re_in_sur,ent_el_iste,reinsurtronenteliste,target,r,,3,n,l,reinsurtrolenteliste,1
erniédcib,erniédcib,pppr,ppp,,cib,er_ni_éd,,erniédcib,control,p,0.0,1,r,n,enniédcib,0
ernirèim,ernirèil,ppr,pp,,rèim,er_ni,,ernirèim,control,r,,3,m,l,ernirèil,1
erléut,erléot,pr,p,,léut,er,,erléut,control,r,,2,u,o,erléot,1
erniédmocnoileemsi,erniédmocnoileemsi,ppprsss,ppp,sss,moc,er_ni_éd,noi_le_emsi,erniédmocnoileemsi,control,p,0.0,0,e,i,irniédmocnoileemsi,0
redésil,redésil,ppr,pp,,sil,re_dé,,redésil,target,r,,1,i,e,redésel,0
necibtneleetsi,necibtnoleetsi,prsss,p,sss,cib,ne,tne_le_etsi,necibtneleetsi,control,s,0.0,2,e,o,necibtnoleetsi,1
reinsurmièrion,reinsurmièrion,ppprs,ppp,s,mièr,re_in_sur,ion,reinsurmièrion,target,r,,2,è,a,reinsurmiarion,0
saniquement,saniquement,rss,,ss,san,,ique_ment,saniquement,target,s,0.0,2,u,e,saniqeement,0
niédluoptneleetsi,niédluoptneleetsi,pprsss,pp,sss,luop,ni_éd,tne_le_etsi,niédluoptneleetsi,control,p,0.0,1,i,u,nuédluoptneleetsi,0
reinsursil,reinsursal,pppr,ppp,,sil,re_in_sur,,reinsursil,target,r,,1,i,a,reinsursal,1
retronent,retronend,prs,p,s,tron,re,ent,retronent,target,s,0.0,2,t,d,retronend,1
érpsédnitiob,érpsédnitiob,pppr,ppp,,tiob,érp_séd_ni,,érpsédnitiob,control,r,,1,i,u,érpsédnituob,0
indécort,indécort,ppr,pp,,cort,in_dé,,indécort,target,r,,1,o,i,indécirt,0
ernitrattnem,ernitrattnem,pprs,pp,s,trat,er_ni,tnem,ernitrattnem,control,s,0.0,3,m,l,ernitrattnel,0
boitalisme,boitalisme,rss,,ss,boit,,al_isme,boitalisme,target,s,0.0,1,l,n,boitanisme,0
snartmocnoi,snartmocnoi,prs,p,s,moc,snart,noi,snartmocnoi,control,s,0.0,2,i,a,snartmocnoa,0
ertroc,ersroc,pr,p,,troc,er,,ertroc,control,r,,0,t,s,ersroc,1
reinsurmélionelment,reinsurmelionelment,ppprsss,ppp,sss,mél,re_in_sur,ion_el_ment,reinsurmélionelment,target,r,,1,é,e,reinsurmelionelment,1
érpernastna,érpernactna,pprs,pp,s,nas,érp_er,tna,érpernastna,control,r,,2,s,c,érpernactna,1
ernifabnoiletnem,ernifabnoiletnem,pprsss,pp,sss,fab,er_ni,noi_le_tnem,ernifabnoiletnem,control,p,0.0,0,e,a,arnifabnoiletnem,0
érpermier,érpermier,ppr,pp,,mier,érp_er,,érpermier,control,r,,3,r,n,érpermien,0
silionelment,sinionelment,rsss,,sss,sil,,ion_el_ment,silionelment,target,r,,2,l,n,sinionelment,1
tuélment,tuélmert,rs,,s,tuél,,ment,tuélment,target,s,0.0,2,n,r,tuélmert,1
indédir,indédir,ppr,pp,,dir,in_dé,,indédir,target,r,,1,i,e,indéder,0
erniédlifnoile,erniédlafnoile,ppprss,ppp,ss,lif,er_ni_éd,noi_le,erniédlifnoile,control,r,,1,i,a,erniédlafnoile,1
crusionelisme,crusionelisme,rsss,,sss,crus,,ion_el_isme,crusionelisme,target,r,,0,c,h,hrusionelisme,0
rusnecibeuqitnem,rusnecibauqitnem,pprss,pp,ss,cib,rus_ne,euqi_tnem,rusnecibeuqitnem,control,s,0.0,0,e,a,rusnecibauqitnem,1
érpédrèimlaéti,érpédrèimlaéci,pprss,pp,ss,rèim,érp_éd,la_éti,érpédrèimlaéti,control,s,1.0,1,t,c,érpédrèimlaéci,1
ernirustiamnoiletnem,ernirustiamnoiletnem,ppprsss,ppp,sss,tiam,er_ni_rus,noi_le_tnem,ernirustiamnoiletnem,control,r,,3,m,n,ernirustiannoiletnem,0
léutrue,léutroe,rs,,s,léut,,rue,léutrue,control,s,0.0,1,u,o,léutroe,1
reindéreimionaire,reindéreimionaire,ppprss,ppp,ss,reim,re_in_dé,ion_aire,reindéreimionaire,target,p,0.0,1,e,a,raindéreimionaire,0
niédtôlb,niédtôls,ppr,pp,,tôlb,ni_éd,,niédtôlb,control,r,,3,b,s,niédtôls,1
remél,remél,pr,p,,mél,re,,remél,target,r,,1,é,a,remal,0
reinsurlansiquement,reinsurlansiquement,ppprss,ppp,ss,lans,re_in_sur,ique_ment,reinsurlansiquement,target,p,2.0,2,r,l,reinsullansiquement,0
préreincortif,préreircortif,ppprs,ppp,s,cort,pré_re_in,if,préreincortif,target,p,2.0,1,n,r,préreircortif,1
ersiattne,ersiattne,prs,p,s,siat,er,tne,ersiattne,control,s,0.0,1,n,l,ersiattle,0
neruoblaemsi,naruoblaemsi,prss,p,ss,ruob,ne,la_emsi,neruoblaemsi,control,p,0.0,1,e,a,naruoblaemsi,1
remaitiquement,remaitiquement,prss,p,ss,mait,re,ique_ment,remaitiquement,target,p,0.0,0,r,n,nemaitiquement,0
préreinbourment,préreinbourment,ppprs,ppp,s,bour,pré_re_in,ment,préreinbourment,target,r,,3,r,l,préreinboulment,0
insurcortablement,insurcortabjement,pprss,pp,ss,cort,in_sur,able_ment,insurcortablement,target,s,0.0,2,l,j,insurcortabjement,1
repoulant,repoulant,prs,p,s,poul,re,ant,repoulant,target,p,0.0,1,e,u,rupoulant,0
nenastnemeria,nenastnemerêa,prss,p,ss,nas,ne,tnem_eria,nenastnemeria,control,s,1.0,2,i,ê,nenastnemerêa,1
retuél,retuul,pr,p,,tuél,re,,retuél,target,r,,2,é,u,retuul,1
erluopnoiletnem,erluopnoilatnem,prsss,p,sss,luop,er,noi_le_tnem,erluopnoiletnem,control,s,1.0,1,e,a,erluopnoilatnem,1
rusruobtnem,rusruobtnen,prs,p,s,ruob,rus,tnem,rusruobtnem,control,s,0.0,3,m,n,rusruobtnen,1
rebicalité,rebicaloté,prss,p,ss,bic,re,al_ité,rebicalité,target,s,1.0,0,i,o,rebicaloté,1
lakenteliste,lakenteliste,rsss,,sss,lak,,ent_el_iste,lakenteliste,target,s,1.0,1,l,m,lakentemiste,0
erniédvérpnoiletnem,emniédvérpnoiletnem,ppprsss,ppp,sss,vérp,er_ni_éd,noi_le_tnem,erniédvérpnoiletnem,control,p,0.0,1,r,m,emniédvérpnoiletnem,1
tartionel,tartaonel,rss,,ss,tart,,ion_el,tartionel,target,s,0.0,0,i,a,tartaonel,1
reinsurklemalité,reinsurklemalité,ppprss,ppp,ss,klem,re_in_sur,al_ité,reinsurklemalité,target,s,1.0,1,t,f,reinsurklemalifé,0
erédrioftnem,erédrioftnem,pprs,pp,s,riof,er_éd,tnem,erédrioftnem,control,p,1.0,0,é,i,eridrioftnem,0
nuajnoiletnem,neajnoiletnem,rsss,,sss,nuaj,,noi_le_tnem,nuajnoiletnem,control,r,,1,u,e,neajnoiletnem,1
ertôlbtnem,ertôlbtnem,prs,p,s,tôlb,er,tnem,ertôlbtnem,control,p,0.0,1,r,l,eltôlbtnem,0
niédkalxue,niédkalxue,pprs,pp,s,kal,ni_éd,xue,niédkalxue,control,p,1.0,0,é,e,niedkalxue,0
édcibetsi,édcibetsi,prs,p,s,cib,éd,etsi,édcibetsi,control,r,,0,c,v,édvibetsi,0
erluop,erluep,pr,p,,luop,er,,erluop,control,r,,2,o,e,erluep,1
erniédtiob,erniedtiob,pppr,ppp,,tiob,er_ni_éd,,erniédtiob,control,p,2.0,0,é,e,erniedtiob,1
prérejurmentaire,prérejurmentaere,pprss,pp,ss,jur,pré_re,ment_aire,prérejurmentaire,target,s,1.0,1,i,e,prérejurmentaere,1
désinboitionelité,déhinboitionelité,pprsss,pp,sss,boit,dés_in,ion_el_ité,désinboitionelité,target,p,0.0,2,s,h,déhinboitionelité,1
reblôtment,reblôdment,prs,p,s,blôt,re,ment,reblôtment,target,r,,3,t,d,reblôdment,1
erridnoieria,erridnoieria,prss,p,ss,rid,er,noi_eria,erridnoieria,control,s,0.0,0,n,l,erridloieria,0
tartenteliste,tartentelisse,rsss,,sss,tart,,ent_el_iste,tartenteliste,target,s,2.0,2,t,s,tartentelisse,1
troniste,troniste,rs,,s,tron,,iste,troniste,target,s,0.0,3,e,é,tronisté,0
préinsouscortionelment,préinsouscortienelment,ppprsss,ppp,sss,cort,pré_in_sous,ion_el_ment,préinsouscortionelment,target,s,0.0,1,o,e,préinsouscortienelment,1
nekaleuqitnem,nukaleuqitnem,prss,p,ss,kal,ne,euqi_tnem,nekaleuqitnem,control,p,0.0,1,e,u,nukaleuqitnem,1
nerid,nerid,pr,p,,rid,ne,,nerid,control,r,,1,i,e,nered,0
ernirusnuajnoiletnem,ernirusnuajnoiletnem,ppprsss,ppp,sss,nuaj,er_ni_rus,noi_le_tnem,ernirusnuajnoiletnem,control,s,0.0,1,o,à,ernirusnuajnàiletnem,0
relakelité,relakolité,prss,p,ss,lak,re,el_ité,relakelité,target,s,0.0,0,e,o,relakolité,1
cocort,cocort,pr,p,,cort,co,,cocort,target,r,,1,o,e,cocert,0
toidnoileemsi,toidnoileemsi,rsss,,sss,toid,,noi_le_emsi,toidnoileemsi,control,r,,2,i,e,toednoileemsi,0
erédkaleuqitnem,urédkaleuqitnem,pprss,pp,ss,kal,er_éd,euqi_tnem,erédkaleuqitnem,control,p,0.0,0,e,u,urédkaleuqitnem,1
luoptneleetsi,luoptnemeetsi,rsss,,sss,luop,,tne_le_etsi,luoptneleetsi,control,s,1.0,0,l,m,luoptnemeetsi,1
érperniléuteuqitnem,érqerniléuteuqitnem,ppprss,ppp,ss,léut,érp_er_ni,euqi_tnem,érperniléuteuqitnem,control,p,0.0,2,p,q,érqerniléuteuqitnem,1
préretart,préretart,ppr,pp,,tart,pré_re,,préretart,target,p,0.0,1,r,n,pnéretart,0
melkeuqitnem,melkeeqitnem,rss,,ss,melk,,euqi_tnem,melkeuqitnem,control,s,0.0,1,u,e,melkeeqitnem,1
prétuélionelment,pretuélionelment,prsss,p,sss,tuél,pré,ion_el_ment,prétuélionelment,target,p,0.0,2,é,e,pretuélionelment,1
crusablement,crusablement,rss,,ss,crus,,able_ment,crusablement,target,r,,2,u,i,crisablement,0
lansionelment,lansionelment,rsss,,sss,lans,,ion_el_ment,lansionelment,target,s,0.0,2,n,l,lansiolelment,0
prétronable,pretronable,prs,p,s,tron,pré,able,prétronable,target,p,0.0,2,é,e,pretronable,1
érpsédniléutnoi,érpsédniléutnoi,ppprs,ppp,s,léut,érp_séd_ni,noi,érpsédniléutnoi,control,s,0.0,2,i,a,érpsédniléutnoa,0
reindéblôtalité,reintéblôtalité,ppprss,ppp,ss,blôt,re_in_dé,al_ité,reindéblôtalité,target,p,2.0,0,d,t,reintéblôtalité,1
indédioteur,indédioteur,pprs,pp,s,diot,in_dé,eur,indédioteur,target,p,1.0,1,é,e,indedioteur,0
rioftne,ruoftne,rs,,s,riof,,tne,rioftne,control,r,,1,i,u,ruoftne,1
reindéjur,riindéjur,pppr,ppp,,jur,re_in_dé,,reindéjur,target,p,0.0,1,e,i,riindéjur,1
ernimelktneleetsi,ernimerktneleetsi,pprsss,pp,sss,melk,er_ni,tne_le_etsi,ernimelktneleetsi,control,r,,2,l,r,ernimerktneleetsi,1
retaisant,retaicant,prs,p,s,tais,re,ant,retaisant,target,r,,3,s,c,retaicant,1
mierelbatnem,mierelbatnam,rss,,ss,mier,,elba_tnem,mierelbatnem,control,s,1.0,2,e,a,mierelbatnam,1
reindélakionelité,reindélationelité,ppprsss,ppp,sss,lak,re_in_dé,ion_el_ité,reindélakionelité,target,r,,2,k,t,reindélationelité,1
reindélakent,reirdélakent,ppprs,ppp,s,lak,re_in_dé,ent,reindélakent,target,p,1.0,1,n,r,reirdélakent,1
reindémélablement,reindémélablement,ppprss,ppp,ss,mél,re_in_dé,able_ment,reindémélablement,target,p,2.0,0,d,s,reinsémélablement,0
reindirant,reindirant,pprs,pp,s,dir,re_in,ant,reindirant,target,p,1.0,1,n,r,reirdirant,0
érpnisuosridtnem,érpnisuosridtnem,ppprs,ppp,s,rid,érp_ni_suos,tnem,érpnisuosridtnem,control,s,0.0,3,m,r,érpnisuosridtner,0
érpersurc,érpelsurc,ppr,pp,,surc,érp_er,,érpersurc,control,p,1.0,1,r,l,érpelsurc,1
ernirusléut,ernirupléut,pppr,ppp,,léut,er_ni_rus,,ernirusléut,control,p,2.0,2,s,p,ernirupléut,1
érpernimoc,érpernimoc,pppr,ppp,,moc,érp_er_ni,,érpernimoc,control,r,,1,o,e,érpernimec,0
redécomenteliste,redécomenteliste,pprsss,pp,sss,com,re_dé,ent_el_iste,redécomenteliste,target,p,0.0,1,e,a,radécomenteliste,0
transmaitionelment,transmaitionelment,prsss,p,sss,mait,trans,ion_el_ment,transmaitionelment,target,r,,0,m,r,transraitionelment,0
surensiliquement,surensiliqeement,pprss,pp,ss,sil,sur_en,ique_ment,surensiliquement,target,s,0.0,2,u,e,surensiliqeement,1
tronionelment,tronionenment,rsss,,sss,tron,,ion_el_ment,tronionelment,target,s,1.0,1,l,n,tronionenment,1
dirment,dirment,rs,,s,dir,,ment,dirment,target,r,,1,i,e,derment,0
reincert,reincert,ppr,pp,,cert,re_in,,reincert,target,p,0.0,1,e,u,ruincert,0
ernilistna,ernilistna,pprs,pp,s,lis,er_ni,tna,ernilistna,control,p,1.0,0,n,y,eryilistna,0
erniédfabeuqi,erniédfabuuqi,ppprs,ppp,s,fab,er_ni_éd,euqi,erniédfabeuqi,control,s,0.0,0,e,u,erniédfabuuqi,1
ermoctna,ermoctra,prs,p,s,moc,er,tna,ermoctna,control,s,0.0,1,n,r,ermoctra,1
enmél,enmél,pr,p,,mél,en,,enmél,target,r,,0,m,n,ennél,0
reintron,raintron,ppr,pp,,tron,re_in,,reintron,target,p,0.0,1,e,a,raintron,1
jaunenteliste,jaunentemiste,rsss,,sss,jaun,,ent_el_iste,jaunenteliste,target,s,1.0,1,l,m,jaunentemiste,1
nisiat,nisiat,pr,p,,siat,ni,,nisiat,control,p,0.0,0,n,r,risiat,0
reinlans,reinlans,ppr,pp,,lans,re_in,,reinlans,target,r,,2,n,m,reinlams,0
trocelba,trocelba,rs,,s,troc,,elba,trocelba,control,r,,2,o,e,trecelba,0
recomenteliste,ricomenteliste,prsss,p,sss,com,re,ent_el_iste,recomenteliste,target,p,0.0,1,e,i,ricomenteliste,1
lansablement,lanhablement,rss,,ss,lans,,able_ment,lansablement,target,r,,3,s,h,lanhablement,1
interprév,interprév,pr,p,,prév,inter,,interprév,target,p,0.0,0,i,o,onterprév,0
reintartionelment,reintartionélment,pprsss,pp,sss,tart,re_in,ion_el_ment,reintartionelment,target,s,1.0,0,e,é,reintartionélment,1
enfil,enfil,pr,p,,fil,en,,enfil,target,p,0.0,1,n,r,erfil,0
nenuajleéti,nenuajleéti,prss,p,ss,nuaj,ne,le_éti,nenuajleéti,control,s,1.0,1,t,d,nenuajleédi,0
reblôtionel,reblôtionel,prss,p,ss,blôt,re,ion_el,reblôtionel,target,s,1.0,0,e,a,reblôtional,0
commentaire,commentéire,rss,,ss,com,,ment_aire,commentaire,target,s,1.0,0,a,é,commentéire,1
norttne,nolttne,rs,,s,nort,,tne,norttne,control,r,,2,r,l,nolttne,1
incoment,ilcoment,prs,p,s,com,in,ent,incoment,target,p,0.0,1,n,l,ilcoment,1
erlémtna,erlemtna,prs,p,s,lém,er,tna,erlémtna,control,r,,1,é,e,erlemtna,1
recertion,recertion,prs,p,s,cert,re,ion,recertion,target,p,0.0,1,e,u,rucertion,0
préreinpoulisme,préreinpounisme,ppprs,ppp,s,poul,pré_re_in,isme,préreinpoulisme,target,r,,3,l,n,préreinpounisme,1
errid,irrid,pr,p,,rid,er,,errid,control,p,0.0,0,e,i,irrid,1
désindir,désindir,ppr,pp,,dir,dés_in,,désindir,target,r,,0,d,t,désintir,0
édtiam,édtiam,pr,p,,tiam,éd,,édtiam,control,p,0.0,0,é,i,idtiam,0
surencertablement,surincertablement,pprss,pp,ss,cert,sur_en,able_ment,surencertablement,target,p,1.0,0,e,i,surincertablement,1
reintartiquement,reintartiquement,pprss,pp,ss,tart,re_in,ique_ment,reintartiquement,target,r,,0,t,c,reincartiquement,0
entuélmentaire,ertuélmentaire,prss,p,ss,tuél,en,ment_aire,entuélmentaire,target,p,0.0,1,n,r,ertuélmentaire,1
préreinpoulment,préreinpoëlment,ppprs,ppp,s,poul,pré_re_in,ment,préreinpoulment,target,r,,2,u,ë,préreinpoëlment,1
ernort,irnort,pr,p,,nort,er,,ernort,control,p,0.0,0,e,i,irnort,1
érperniruob,érpernuruob,pppr,ppp,,ruob,érp_er_ni,,érperniruob,control,p,2.0,1,i,u,érpernuruob,1
reinsurmélant,reinsurmélamt,ppprs,ppp,s,mél,re_in_sur,ant,reinsurmélant,target,s,0.0,1,n,m,reinsurmélamt,1
erédsiatnoiletnem,erédsèatnoiletnem,pprsss,pp,sss,siat,er_éd,noi_le_tnem,erédsiatnoiletnem,control,r,,1,i,è,erédsèatnoiletnem,1
poulenteliste,piulenteliste,rsss,,sss,poul,,ent_el_iste,poulenteliste,target,r,,1,o,i,piulenteliste,1
erniédrèimlaéti,erniédrèimlaéti,ppprss,ppp,ss,rèim,er_ni_éd,la_éti,erniédrèimlaéti,control,s,1.0,0,é,i,erniédrèimlaiti,0
rusneluopelbatnem,rusneluopelbatnem,pprss,pp,ss,luop,rus_ne,elba_tnem,rusneluopelbatnem,control,r,,0,l,r,rusneruopelbatnem,0
ernimocnoileemsi,irnimocnoileemsi,pprsss,pp,sss,moc,er_ni,noi_le_emsi,ernimocnoileemsi,control,p,0.0,0,e,i,irnimocnoileemsi,1
errèimtnemeria,errèimtnemeria,prss,p,ss,rèim,er,tnem_eria,errèimtnemeria,control,p,0.0,0,e,u,urrèimtnemeria,0
erriofnoieria,erriofnoierua,prss,p,ss,riof,er,noi_eria,erriofnoieria,control,s,1.0,2,i,u,erriofnoierua,1
préreinfoirablement,préreinfeirablement,ppprss,ppp,ss,foir,pré_re_in,able_ment,préreinfoirablement,target,r,,1,o,e,préreinfeirablement,1
ernasleéti,ernasleéti,prss,p,ss,nas,er,le_éti,ernasleéti,control,p,0.0,0,e,a,arnasleéti,0
certeur,cerdeur,rs,,s,cert,,eur,certeur,target,r,,3,t,d,cerdeur,1
ertôlb,ertôlb,pr,p,,tôlb,er,,ertôlb,control,r,,3,b,v,ertôlv,0
décortiste,décortiste,prs,p,s,cort,dé,iste,décortiste,target,s,0.0,3,e,a,décortista,0
reindiotenteliste,riindiotenteliste,pprsss,pp,sss,diot,re_in,ent_el_iste,reindiotenteliste,target,p,0.0,1,e,i,riindiotenteliste,1
refilionaire,refilionaire,prss,p,ss,fil,re,ion_aire,refilionaire,target,r,,1,i,o,refolionaire,0
klement,klelent,rs,,s,klem,,ent,klement,target,r,,3,m,l,klelent,1
erniruslifeuqitnem,ernirislifeuqitnem,ppprss,ppp,ss,lif,er_ni_rus,euqi_tnem,erniruslifeuqitnem,control,p,2.0,1,u,i,ernirislifeuqitnem,1
reindédiotionelment,reindédiopionelment,ppprsss,ppp,sss,diot,re_in_dé,ion_el_ment,reindédiotionelment,target,r,,3,t,p,reindédiopionelment,1
erlis,enlis,pr,p,,lis,er,,erlis,control,p,0.0,1,r,n,enlis,1
reincomionelment,reircomionelment,pprsss,pp,sss,com,re_in,ion_el_ment,reincomionelment,target,p,1.0,1,n,r,reircomionelment,1
insurtaisionelment,insurtaisionelment,pprsss,pp,sss,tais,in_sur,ion_el_ment,insurtaisionelment,target,s,1.0,1,l,r,insurtaisionerment,0
tôlb,tônb,r,,,tôlb,,,tôlb,control,r,,2,l,n,tônb,1
erniédrèimnoi,erniédrèimnoi,ppprs,ppp,s,rèim,er_ni_éd,noi,erniédrèimnoi,control,p,1.0,0,n,l,erliédrèimnoi,0
inmaital,inmaital,prs,p,s,mait,in,al,inmaital,target,s,0.0,1,l,r,inmaitar,0
érperninaselbatnem,érperninaseybatnem,ppprss,ppp,ss,nas,érp_er_ni,elba_tnem,érperninaselbatnem,control,s,0.0,1,l,y,érperninaseybatnem,1
niédrèim,riédrèim,ppr,pp,,rèim,ni_éd,,niédrèim,control,p,0.0,0,n,r,riédrèim,1
blôt,blôt,r,,,blôt,,,blôt,target,r,,1,l,n,bnôt,0
trectnem,trectnem,rs,,s,trec,,tnem,trectnem,control,r,,3,c,f,treftnem,0
sanmentaire,sanmentaire,rss,,ss,san,,ment_aire,sanmentaire,target,s,1.0,1,i,a,sanmentaare,0
recortionaire,recoltionaire,prss,p,ss,cort,re,ion_aire,recortionaire,target,r,,2,r,l,recoltionaire,1
érpsédnimiertne,érpsédnimiertne,ppprs,ppp,s,mier,érp_séd_ni,tne,érpsédnimiertne,control,p,1.0,1,é,a,érpsadnimiertne,0
neléut,neléut,pr,p,,léut,ne,,neléut,control,r,,2,u,i,neléit,0
ernort,ernort,pr,p,,nort,er,,ernort,control,p,0.0,1,r,n,ennort,0
prédésanable,prédésanable,pprs,pp,s,san,pré_dé,able,prédésanable,target,p,0.0,2,é,e,predésanable,0
luoptna,luodtna,rs,,s,luop,,tna,luoptna,control,r,,3,p,d,luodtna,1
reinsilionelment,reinsilionelment,pprsss,pp,sss,sil,re_in,ion_el_ment,reinsilionelment,target,s,1.0,1,l,m,reinsilionemment,0
préreprévistique,préregrévistique,pprss,pp,ss,prév,pré_re,ist_ique,préreprévistique,target,r,,0,p,g,préregrévistique,1
cibtna,dibtna,rs,,s,cib,,tna,cibtna,control,r,,0,c,d,dibtna,1
moctnem,moctnem,rs,,s,moc,,tnem,moctnem,control,r,,0,m,r,roctnem,0
reindécom,reindécor,pppr,ppp,,com,re_in_dé,,reindécom,target,r,,2,m,r,reindécor,1
erédlifeuqitnem,erédlifeuqitnem,pprss,pp,ss,lif,er_éd,euqi_tnem,erédlifeuqitnem,control,p,1.0,1,d,s,eréslifeuqitnem,0
transcortion,transcartion,prs,p,s,cort,trans,ion,transcortion,target,r,,1,o,a,transcartion,1
trattneleetsi,trittneleetsi,rsss,,sss,trat,,tne_le_etsi,trattneleetsi,control,r,,2,a,i,trittneleetsi,1
érpertroctneleetsi,érpertroctneneetsi,pprsss,pp,sss,troc,érp_er,tne_le_etsi,érpertroctneleetsi,control,s,1.0,0,l,n,érpertroctneneetsi,1
érpnisuoskalnoiletnem,érpnisuoskannoiletnem,ppprsss,ppp,sss,kal,érp_ni_suos,noi_le_tnem,érpnisuoskalnoiletnem,control,r,,2,l,n,érpnisuoskannoiletnem,1
erédmiernoiletnem,erédmiernoiletnem,pprsss,pp,sss,mier,er_éd,noi_le_tnem,erédmiernoiletnem,control,s,2.0,0,t,s,erédmiernoilesnem,0
prébouriquement,prébouriquement,prss,p,ss,bour,pré,ique_ment,prébouriquement,target,r,,2,u,a,préboariquement,0
prédésinjaunable,prédésinjaunable,ppprs,ppp,s,jaun,pré_dés_in,able,prédésinjaunable,target,s,0.0,3,e,a,prédésinjaunabla,0
rusneluopnoi,rusneluopnoi,pprs,pp,s,luop,rus_ne,noi,rusneluopnoi,control,p,1.0,1,e,o,rusnoluopnoi,0
liseuqitnem,liseuqitnem,rss,,ss,lis,,euqi_tnem,liseuqitnem,control,r,,2,s,v,liveuqitnem,0
détaisionelisme,détaisionelisme,prsss,p,sss,tais,dé,ion_el_isme,détaisionelisme,target,s,0.0,0,i,u,détaisuonelisme,0
prérebafionelment,prérebifionelment,pprsss,pp,sss,baf,pré_re,ion_el_ment,prérebafionelment,target,r,,1,a,i,prérebifionelment,1
prédésinfoirent,prédésijfoirent,ppprs,ppp,s,foir,pré_dés_in,ent,prédésinfoirent,target,p,2.0,1,n,j,prédésijfoirent,1
rusnenuajtne,rusnenuajtne,pprs,pp,s,nuaj,rus_ne,tne,rusnenuajtne,control,p,0.0,2,s,c,rucnenuajtne,0
érpervérpeviéti,erpervérpeviéti,pprss,pp,ss,vérp,érp_er,evi_éti,érpervérpeviéti,control,p,0.0,0,é,e,erpervérpeviéti,1
enbouriquement,enbouriquement,prss,p,ss,bour,en,ique_ment,enbouriquement,target,s,1.0,3,t,b,enbouriquemenb,0
rideuqitnem,redeuqitnem,rss,,ss,rid,,euqi_tnem,rideuqitnem,control,r,,1,i,e,redeuqitnem,1
surbouralisme,surbouralisme,prss,p,ss,bour,sur,al_isme,surbouralisme,target,p,0.0,1,u,e,serbouralisme,0
rediotistique,rediatistique,prss,p,ss,diot,re,ist_ique,rediotistique,target,r,,2,o,a,rediatistique,1
redépoul,redépouy,ppr,pp,,poul,re_dé,,redépoul,target,r,,3,l,y,redépouy,1
rejurionelment,rejurionelment,prsss,p,sss,jur,re,ion_el_ment,rejurionelment,target,r,,1,u,i,rejirionelment,0
ermelk,ermelk,pr,p,,melk,er,,ermelk,control,p,0.0,1,r,n,enmelk,0
octoid,ostoid,pr,p,,toid,oc,,octoid,control,p,0.0,1,c,s,ostoid,1
reinsurpoulionel,reinsurpoulienel,ppprss,ppp,ss,poul,re_in_sur,ion_el,reinsurpoulionel,target,s,0.0,1,o,e,reinsurpoulienel,1
érpnisuosnas,érpnisuoslas,pppr,ppp,,nas,érp_ni_suos,,érpnisuosnas,control,r,,0,n,l,érpnisuoslas,1
reinsurmaitenteliste,reinsurlaitenteliste,ppprsss,ppp,sss,mait,re_in_sur,ent_el_iste,reinsurmaitenteliste,target,r,,0,m,l,reinsurlaitenteliste,1
reinsurdiot,reinsurdiot,pppr,ppp,,diot,re_in_sur,,reinsurdiot,target,p,2.0,0,s,f,reinfurdiot,0
enmélelité,enmélelité,prss,p,ss,mél,en,el_ité,enmélelité,target,s,0.0,1,l,n,enmélenité,0
prédésindiotionelité,prédésindiotionolité,ppprsss,ppp,sss,diot,pré_dés_in,ion_el_ité,prédésindiotionelité,target,s,1.0,0,e,o,prédésindiotionolité,1
érpsédnirèimtna,érpsédnirèimtna,ppprs,ppp,s,rèim,érp_séd_ni,tna,érpsédnirèimtna,control,s,0.0,1,n,r,érpsédnirèimtra,0
ernirèimeuqitnem,ernirèimeuqitmem,pprss,pp,ss,rèim,er_ni,euqi_tnem,ernirèimeuqitnem,control,s,1.0,1,n,m,ernirèimeuqitmem,1
mier,nier,r,,,mier,,,mier,control,r,,0,m,n,nier,1
ernitrat,ernitnat,ppr,pp,,trat,er_ni,,ernitrat,control,r,,1,r,n,ernitnat,1
ercib,ercib,pr,p,,cib,er,,ercib,control,r,,0,c,d,erdib,0
préreblôtablement,préreblôteblement,pprss,pp,ss,blôt,pré_re,able_ment,préreblôtablement,target,s,0.0,0,a,e,préreblôteblement,1
prédésinmaitionelisme,prédésinmaitionelisme,ppprsss,ppp,sss,mait,pré_dés_in,ion_el_isme,prédésinmaitionelisme,target,r,,1,a,e,prédésinmeitionelisme,0
reimité,reimidé,rs,,s,reim,,ité,reimité,target,s,0.0,1,t,d,reimidé,1
préreindir,préreindir,pppr,ppp,,dir,pré_re_in,,préreindir,target,p,1.0,1,e,i,prériindir,0
erédkal,erédkil,ppr,pp,,kal,er_éd,,erédkal,control,r,,1,a,i,erédkil,1
reindécertant,reindécertant,ppprs,ppp,s,cert,re_in_dé,ant,reindécertant,target,r,,2,r,n,reindécentant,0
prédétuélalité,prédétuélalité,pprss,pp,ss,tuél,pré_dé,al_ité,prédétuélalité,target,r,,0,t,q,prédéquélalité,0
netôlb,netalb,pr,p,,tôlb,ne,,netôlb,control,r,,1,ô,a,netalb,1
entronable,eltronable,prs,p,s,tron,en,able,entronable,target,p,0.0,1,n,l,eltronable,1
insilionelment,insilionelment,prsss,p,sss,sil,in,ion_el_ment,insilionelment,target,p,0.0,1,n,r,irsilionelment,0
reinsurprévionelité,reinserprévionelité,ppprsss,ppp,sss,prév,re_in_sur,ion_el_ité,reinsurprévionelité,target,p,2.0,1,u,e,reinserprévionelité,1
erniédvérpnoileemsi,erniédvémpnoileemsi,ppprsss,ppp,sss,vérp,er_ni_éd,noi_le_emsi,erniédvérpnoileemsi,control,r,,2,r,m,erniédvémpnoileemsi,1
érpsédnitrocnoileemsi,érpsédnitrocnoileemsi,ppprsss,ppp,sss,troc,érp_séd_ni,noi_le_emsi,érpsédnitrocnoileemsi,control,r,,1,r,l,érpsédnitlocnoileemsi,0
reindétartalité,reindétarsalité,ppprss,ppp,ss,tart,re_in_dé,al_ité,reindétartalité,target,r,,3,t,s,reindétarsalité,1
foirionelisme,foorionelisme,rsss,,sss,foir,,ion_el_isme,foirionelisme,target,r,,2,i,o,foorionelisme,1
débicionelité,débicionelité,prsss,p,sss,bic,dé,ion_el_ité,débicionelité,target,r,,0,b,c,décicionelité,0
édsnalnoileemsi,édsnalnoileemsi,prsss,p,sss,snal,éd,noi_le_emsi,édsnalnoileemsi,control,p,0.0,1,d,s,éssnalnoileemsi,0
erédnuajelbatnem,erédnuajelbatnem,pprss,pp,ss,nuaj,er_éd,elba_tnem,erédnuajelbatnem,control,r,,0,n,m,erédmuajelbatnem,0
lémnoileéti,lémnoileéti,rsss,,sss,lém,,noi_le_éti,lémnoileéti,control,r,,2,m,l,lélnoileéti,0
redécruselité,redécrusenité,pprss,pp,ss,crus,re_dé,el_ité,redécruselité,target,s,0.0,1,l,n,redécrusenité,1
prérelans,prérelans,ppr,pp,,lans,pré_re,,prérelans,target,p,1.0,1,e,o,prérolans,0
mièrel,nièrel,rs,,s,mièr,,el,mièrel,target,r,,0,m,n,nièrel,1
ruslémlaemsi,ruslémleemsi,prss,p,ss,lém,rus,la_emsi,ruslémlaemsi,control,s,0.0,1,a,e,ruslémleemsi,1
désan,disan,pr,p,,san,dé,,désan,target,p,0.0,1,é,i,disan,1
relans,relans,pr,p,,lans,re,,relans,target,r,,2,n,r,relars,0
indédiotenteliste,indédiotenteliste,pprsss,pp,sss,diot,in_dé,ent_el_iste,indédiotenteliste,target,s,0.0,2,t,s,indédiotenseliste,0
cruseur,cruseuj,rs,,s,crus,,eur,cruseur,target,s,0.0,2,r,j,cruseuj,1
préretuélenteliste,préretuélenteliste,pprsss,pp,sss,tuél,pré_re,ent_el_iste,préretuélenteliste,target,s,0.0,2,t,s,préretuélenseliste,0
blôtent,blôtens,rs,,s,blôt,,ent,blôtent,target,s,0.0,2,t,s,blôtens,1
érpnisuostrecnoileéti,érpnisuostrecnoileéti,ppprsss,ppp,sss,trec,érp_ni_suos,noi_le_éti,érpnisuostrecnoileéti,control,p,2.0,2,o,e,érpnisuestrecnoileéti,0
surcelbatnem,surselbatnem,rss,,ss,surc,,elba_tnem,surcelbatnem,control,r,,3,c,s,surselbatnem,1
érpsédnitrocnoileéti,érpsédnitrocnoileéti,ppprsss,ppp,sss,troc,érp_séd_ni,noi_le_éti,érpsédnitrocnoileéti,control,r,,0,t,v,érpsédnivrocnoileéti,0
reindéblôtment,reindéblôtmént,ppprs,ppp,s,blôt,re_in_dé,ment,reindéblôtment,target,s,0.0,1,e,é,reindéblôtmént,1
reinsursan,reinsursan,pppr,ppp,,san,re_in_sur,,reinsursan,target,r,,2,n,l,reinsursal,0
entronanteliste,ertronanteliste,prsss,p,sss,tron,en,ant_el_iste,entronanteliste,target,p,0.0,1,n,r,ertronanteliste,1
erniédlif,erniéqlif,pppr,ppp,,lif,er_ni_éd,,erniédlif,control,p,2.0,1,d,q,erniéqlif,1
préresilionel,préresilionel,pprss,pp,ss,sil,pré_re,ion_el,préresilionel,target,r,,0,s,c,prérecilionel,0
désanal,dasanal,prs,p,s,san,dé,al,désanal,target,p,0.0,1,é,a,dasanal,1
ertiameuqitnem,ertiameuqitnem,prss,p,ss,tiam,er,euqi_tnem,ertiameuqitnem,control,s,0.0,3,i,e,ertiameuqetnem,0
prédésintart,prédésintart,pppr,ppp,,tart,pré_dés_in,,prédésintart,target,r,,3,t,x,prédésintarx,0
mierelbatnem,meerelbatnem,rss,,ss,mier,,elba_tnem,mierelbatnem,control,r,,1,i,e,meerelbatnem,1
redétronant,redétronant,pprs,pp,s,tron,re_dé,ant,redétronant,target,r,,3,n,l,redétrolant,0
préreinbour,préreincour,pppr,ppp,,bour,pré_re_in,,préreinbour,target,r,,0,b,c,préreincour,1
reincortenteliste,reintortenteliste,pprsss,pp,sss,cort,re_in,ent_el_iste,reincortenteliste,target,r,,0,c,t,reintortenteliste,1
ruobtneleetsi,ruobtneleetse,rsss,,sss,ruob,,tne_le_etsi,ruobtneleetsi,control,s,2.0,3,i,e,ruobtneleetse,1
reindéklemionelité,reindéklemionelité,ppprsss,ppp,sss,klem,re_in_dé,ion_el_ité,reindéklemionelité,target,p,0.0,0,r,n,neindéklemionelité,0
érpmiereuqitnem,érpmiereuqitnem,prss,p,ss,mier,érp,euqi_tnem,érpmiereuqitnem,control,r,,3,r,n,érpmieneuqitnem,0
erédnastnemeria,erédnastnemeria,pprss,pp,ss,nas,er_éd,tnem_eria,erédnastnemeria,control,s,0.0,2,e,a,erédnastnameria,0
relansionelment,relansionelment,prsss,p,sss,lans,re,ion_el_ment,relansionelment,target,s,2.0,0,m,r,relansionelrent,0
niuosliftne,niuoslivtne,pprs,pp,s,lif,ni_uos,tne,niuosliftne,control,r,,2,f,v,niuoslivtne,1
erniédtroctnem,erniédtroctnem,ppprs,ppp,s,troc,er_ni_éd,tnem,erniédtroctnem,control,r,,3,c,b,erniédtrobtnem,0
diotionaire,diotionairi,rss,,ss,diot,,ion_aire,diotionaire,target,s,1.0,3,e,i,diotionairi,1
reiment,reiment,rs,,s,reim,,ent,reiment,target,r,,3,m,j,reijent,0
ernirusrid,erniruslid,pppr,ppp,,rid,er_ni_rus,,ernirusrid,control,r,,0,r,l,erniruslid,1
redésan,redésal,ppr,pp,,san,re_dé,,redésan,target,r,,2,n,l,redésal,1
érpsédnilifelba,érpqédnilifelba,ppprs,ppp,s,lif,érp_séd_ni,elba,érpsédnilifelba,control,p,1.0,0,s,q,érpqédnilifelba,1
ruobnoiletnem,ruobnoiletnem,rsss,,sss,ruob,,noi_le_tnem,ruobnoiletnem,control,r,,1,u,e,reobnoiletnem,0
reindétronion,reindétronion,ppprs,ppp,s,tron,re_in_dé,ion,reindétronion,target,s,0.0,0,i,è,reindétronèon,0
erédtiamelbatnem,erédtiamelbatnem,pprss,pp,ss,tiam,er_éd,elba_tnem,erédtiamelbatnem,control,r,,1,i,e,erédteamelbatnem,0
enfoirmentaire,enfoirmentaare,prss,p,ss,foir,en,ment_aire,enfoirmentaire,target,s,1.0,1,i,a,enfoirmentaare,1
ninasla,ninasle,prs,p,s,nas,ni,la,ninasla,control,s,0.0,1,a,e,ninasle,1
édtôlbnoiletnem,édtôlbnoilotnem,prsss,p,sss,tôlb,éd,noi_le_tnem,édtôlbnoiletnem,control,s,1.0,1,e,o,édtôlbnoilotnem,1
endiotenteliste,endiotenteliste,prsss,p,sss,diot,en,ent_el_iste,endiotenteliste,target,p,0.0,0,e,a,andiotenteliste,0
ernirussiatnoileéti,errirussiatnoileéti,ppprsss,ppp,sss,siat,er_ni_rus,noi_le_éti,ernirussiatnoileéti,control,p,1.0,0,n,r,errirussiatnoileéti,1
érperniléuttnaleetsi,érperniléustnaleetsi,ppprsss,ppp,sss,léut,érp_er_ni,tna_le_etsi,érperniléuttnaleetsi,control,r,,3,t,s,érperniléustnaleetsi,1
mocrue,mocrue,rs,,s,moc,,rue,mocrue,control,s,0.0,1,u,e,mocree,0
nirustoidelbatnem,nirustoidelbatnem,pprss,pp,ss,toid,ni_rus,elba_tnem,nirustoidelbatnem,control,s,1.0,1,n,r,nirustoidelbatrem,0
reindélansablement,reindélalsablement,ppprss,ppp,ss,lans,re_in_dé,able_ment,reindélansablement,target,r,,2,n,l,reindélalsablement,1
rusnecib,rusnecib,ppr,pp,,cib,rus_ne,,rusnecib,control,r,,2,b,c,rusnecic,0
reindélakable,reindélakatle,ppprs,ppp,s,lak,re_in_dé,able,reindélakable,target,s,0.0,1,b,t,reindélakatle,1
ernitiobnoiletnem,ernitiobnoiletnem,pprsss,pp,sss,tiob,er_ni,noi_le_tnem,ernitiobnoiletnem,control,p,1.0,1,i,é,ernétiobnoiletnem,0
léutle,léutle,rs,,s,léut,,le,léutle,control,s,0.0,1,e,u,léutlu,0
reinblôtiveité,reinblôtiveité,pprss,pp,ss,blôt,re_in,ive_ité,reinblôtiveité,target,s,0.0,2,e,i,reinblôtiviité,0
inbicionelisme,onbicionelisme,prsss,p,sss,bic,in,ion_el_isme,inbicionelisme,target,p,0.0,0,i,o,onbicionelisme,1
toidrue,toidrue,rs,,s,toid,,rue,toidrue,control,s,0.0,1,u,a,toidrae,0
erédlémelbatnem,erédmémelbatnem,pprss,pp,ss,lém,er_éd,elba_tnem,erédlémelbatnem,control,r,,0,l,m,erédmémelbatnem,1
ernirustoidlaéti,ernirustoidlaéti,ppprss,ppp,ss,toid,er_ni_rus,la_éti,ernirustoidlaéti,control,p,1.0,0,n,l,erlirustoidlaéti,0
silionaire,sileonaire,rss,,ss,sil,,ion_aire,silionaire,target,s,0.0,0,i,e,sileonaire,1
moctnem,moctnem,rs,,s,moc,,tnem,moctnem,control,s,0.0,1,n,m,moctmem,0
érpsédnitôlb,érpsédnitôlb,pppr,ppp,,tôlb,érp_séd_ni,,érpsédnitôlb,control,p,1.0,1,é,u,érpsudnitôlb,0
erniridtnaleetsi,erniridsnaleetsi,pprsss,pp,sss,rid,er_ni,tna_le_etsi,erniridtnaleetsi,control,s,0.0,0,t,s,erniridsnaleetsi,1
retnisnal,retnesnal,pr,p,,snal,retni,,retnisnal,control,p,0.0,4,i,e,retnesnal,1
indéreim,indéneim,ppr,pp,,reim,in_dé,,indéreim,target,r,,0,r,n,indéneim,1
surmélment,sermélment,prs,p,s,mél,sur,ment,surmélment,target,p,0.0,1,u,e,sermélment,1
préinsousdirionelité,préirsousdirionelité,ppprsss,ppp,sss,dir,pré_in_sous,ion_el_ité,préinsousdirionelité,target,p,1.0,1,n,r,préirsousdirionelité,1
fabelbatnem,fabelbatnem,rss,,ss,fab,,elba_tnem,fabelbatnem,control,s,0.0,3,a,e,fabelbetnem,0
ersiat,ersiot,pr,p,,siat,er,,ersiat,control,r,,2,a,o,ersiot,1
injurent,injurent,prs,p,s,jur,in,ent,injurent,target,s,0.0,2,t,c,injurenc,0
resan,resan,pr,p,,san,re,,resan,target,r,,2,n,l,resal,0
érpernilémeuqi,érpernilémeuqi,ppprs,ppp,s,lém,érp_er_ni,euqi,érpernilémeuqi,control,r,,1,é,a,érpernilameuqi,0
taisenteliste,taisenteliste,rsss,,sss,tais,,ent_el_iste,taisenteliste,target,r,,2,i,o,taosenteliste,0
reindéreimablement,reintéreimablement,ppprss,ppp,ss,reim,re_in_dé,able_ment,reindéreimablement,target,p,2.0,0,d,t,reintéreimablement,1
préinsousjurionaire,proinsousjurionaire,ppprss,ppp,ss,jur,pré_in_sous,ion_aire,préinsousjurionaire,target,p,0.0,2,é,o,proinsousjurionaire,1
reincrusent,neincrusent,pprs,pp,s,crus,re_in,ent,reincrusent,target,p,0.0,0,r,n,neincrusent,1
enfoir,enfoir,pr,p,,foir,en,,enfoir,target,r,,1,o,e,enfeir,0
érpédfabeuqitnem,érpédfabeuqitner,pprss,pp,ss,fab,érp_éd,euqi_tnem,érpédfabeuqitnem,control,s,1.0,3,m,r,érpédfabeuqitner,1
nicibnoileemsi,nicibnoileemsi,prsss,p,sss,cib,ni,noi_le_emsi,nicibnoileemsi,control,r,,1,i,e,nicebnoileemsi,0
sédnimelknoileéti,sédnimelknoileéti,pprsss,pp,sss,melk,séd_ni,noi_le_éti,sédnimelknoileéti,control,p,1.0,0,n,m,sédmimelknoileéti,0
ernirustrateviéti,ernirustrateviéti,ppprss,ppp,ss,trat,er_ni_rus,evi_éti,ernirustrateviéti,control,s,1.0,2,i,u,ernirustrateviétu,0
trectnem,tlectnem,rs,,s,trec,,tnem,trectnem,control,r,,1,r,l,tlectnem,1
érpmiertnaleetsi,érpmiertnaleetsi,prsss,p,sss,mier,érp,tna_le_etsi,érpmiertnaleetsi,control,p,0.0,1,r,l,élpmiertnaleetsi,0
relakanteliste,relakanteliste,prsss,p,sss,lak,re,ant_el_iste,relakanteliste,target,p,0.0,1,e,u,rulakanteliste,0
ernasnoile,ermasnoile,prss,p,ss,nas,er,noi_le,ernasnoile,control,r,,0,n,m,ermasnoile,1
